1 2 4 1 2 01
1 2 5 1 2 02
1 2 6 1 2 10
1 2 9 1 2 20
1 2 17 1 2 012
1 2 19 1 2 021
1 2 20 1 2 022
1 2 23 1 2 102
1 2 27 1 2 120
1 2 31 1 2 201
1 2 32 1 2 202
1 2 33 1 2 210
1 2 36 1 2 220
1 5 0 1 02 0
1 5 14 1 02 002
1 5 18 1 02 020
1 5 20 1 02 022
1 5 30 1 02 200
1 5 32 1 02 202
1 5 36 1 02 220
1 8 0 1 12 0
1 8 4 1 12 01
1 8 5 1 12 02
1 8 6 1 12 10
1 8 9 1 12 20
1 8 16 1 12 011
1 8 17 1 12 012
1 8 19 1 12 021
1 8 20 1 12 022
1 8 22 1 12 101
1 8 23 1 12 102
1 8 24 1 12 110
1 8 27 1 12 120
1 8 31 1 12 201
1 8 32 1 12 202
1 8 33 1 12 210
1 8 36 1 12 220
1 9 0 1 20 0
1 9 14 1 20 002
1 9 18 1 20 020
1 9 20 1 20 022
1 9 30 1 20 200
1 9 32 1 20 202
1 9 36 1 20 220
1 10 0 1 21 0
1 10 4 1 21 01
1 10 5 1 21 02
1 10 6 1 21 10
1 10 9 1 21 20
1 10 16 1 21 011
1 10 17 1 21 012
1 10 19 1 21 021
1 10 20 1 21 022
1 10 22 1 21 101
1 10 23 1 21 102
1 10 24 1 21 110
1 10 27 1 21 120
1 10 31 1 21 201
1 10 32 1 21 202
1 10 33 1 21 210
1 10 36 1 21 220
1 11 17 1 22 012
1 11 19 1 22 021
1 11 20 1 22 022
1 11 23 1 22 102
1 11 27 1 22 120
1 11 31 1 22 201
1 11 32 1 22 202
1 11 33 1 22 210
1 11 36 1 22 220
1 17 0 1 012 0
1 17 4 1 012 01
1 17 6 1 012 10
1 17 8 1 012 12
1 17 10 1 012 21
1 17 13 1 012 001
1 17 14 1 012 002
1 17 15 1 012 010
1 17 18 1 012 020
1 17 21 1 012 100
1 17 30 1 012 200
1 19 0 1 021 0
1 19 4 1 021 01
1 19 6 1 021 10
1 19 8 1 021 12
1 19 10 1 021 21
1 19 13 1 021 001
1 19 14 1 021 002
1 19 15 1 021 010
1 19 18 1 021 020
1 19 21 1 021 100
1 19 30 1 021 200
1 20 5 1 022 02
1 20 9 1 022 20
1 23 0 1 102 0
1 23 4 1 102 01
1 23 6 1 102 10
1 23 8 1 102 12
1 23 10 1 102 21
1 23 13 1 102 001
1 23 14 1 102 002
1 23 15 1 102 010
1 23 18 1 102 020
1 23 21 1 102 100
1 23 30 1 102 200
1 26 0 1 112 0
1 26 3 1 112 00
1 26 4 1 112 01
1 26 5 1 112 02
1 26 6 1 112 10
1 26 9 1 112 20
1 26 13 1 112 001
1 26 14 1 112 002
1 26 15 1 112 010
1 26 16 1 112 011
1 26 17 1 112 012
1 26 18 1 112 020
1 26 19 1 112 021
1 26 21 1 112 100
1 26 22 1 112 101
1 26 23 1 112 102
1 26 24 1 112 110
1 26 27 1 112 120
1 26 30 1 112 200
1 26 31 1 112 201
1 26 33 1 112 210
1 27 0 1 120 0
1 27 4 1 120 01
1 27 6 1 120 10
1 27 8 1 120 12
1 27 10 1 120 21
1 27 13 1 120 001
1 27 14 1 120 002
1 27 15 1 120 010
1 27 18 1 120 020
1 27 21 1 120 100
1 27 30 1 120 200
1 28 0 1 121 0
1 28 3 1 121 00
1 28 4 1 121 01
1 28 5 1 121 02
1 28 6 1 121 10
1 28 9 1 121 20
1 28 13 1 121 001
1 28 14 1 121 002
1 28 15 1 121 010
1 28 16 1 121 011
1 28 17 1 121 012
1 28 18 1 121 020
1 28 19 1 121 021
1 28 21 1 121 100
1 28 22 1 121 101
1 28 23 1 121 102
1 28 24 1 121 110
1 28 27 1 121 120
1 28 30 1 121 200
1 28 31 1 121 201
1 28 33 1 121 210
1 29 4 1 122 01
1 29 6 1 122 10
1 29 17 1 122 012
1 29 19 1 122 021
1 29 20 1 122 022
1 29 23 1 122 102
1 29 27 1 122 120
1 29 31 1 122 201
1 29 32 1 122 202
1 29 33 1 122 210
1 29 36 1 122 220
1 31 0 1 201 0
1 31 4 1 201 01
1 31 6 1 201 10
1 31 8 1 201 12
1 31 10 1 201 21
1 31 13 1 201 001
1 31 14 1 201 002
1 31 15 1 201 010
1 31 18 1 201 020
1 31 21 1 201 100
1 31 30 1 201 200
1 32 5 1 202 02
1 32 9 1 202 20
1 33 0 1 210 0
1 33 4 1 210 01
1 33 6 1 210 10
1 33 8 1 210 12
1 33 10 1 210 21
1 33 13 1 210 001
1 33 14 1 210 002
1 33 15 1 210 010
1 33 18 1 210 020
1 33 21 1 210 100
1 33 30 1 210 200
1 34 0 1 211 0
1 34 3 1 211 00
1 34 4 1 211 01
1 34 5 1 211 02
1 34 6 1 211 10
1 34 9 1 211 20
1 34 13 1 211 001
1 34 14 1 211 002
1 34 15 1 211 010
1 34 16 1 211 011
1 34 17 1 211 012
1 34 18 1 211 020
1 34 19 1 211 021
1 34 21 1 211 100
1 34 22 1 211 101
1 34 23 1 211 102
1 34 24 1 211 110
1 34 27 1 211 120
1 34 30 1 211 200
1 34 31 1 211 201
1 34 33 1 211 210
1 35 4 1 212 01
1 35 6 1 212 10
1 35 17 1 212 012
1 35 19 1 212 021
1 35 20 1 212 022
1 35 23 1 212 102
1 35 27 1 212 120
1 35 31 1 212 201
1 35 32 1 212 202
1 35 33 1 212 210
1 35 36 1 212 220
1 36 5 1 220 02
1 36 9 1 220 20
1 37 4 1 221 01
1 37 6 1 221 10
1 37 17 1 221 012
1 37 19 1 221 021
1 37 20 1 221 022
1 37 23 1 221 102
1 37 27 1 221 120
1 37 31 1 221 201
1 37 32 1 221 202
1 37 33 1 221 210
1 37 36 1 221 220
2 0 4 2 0 01
2 0 6 2 0 10
2 0 8 2 0 12
2 0 10 2 0 21
2 0 17 2 0 012
2 0 19 2 0 021
2 0 23 2 0 102
2 0 27 2 0 120
2 0 29 2 0 122
2 0 31 2 0 201
2 0 33 2 0 210
2 0 35 2 0 212
2 0 37 2 0 221
2 3 29 2 00 122
2 3 35 2 00 212
2 3 37 2 00 221
2 4 1 2 01 1
2 4 8 2 01 12
2 4 10 2 01 21
2 4 16 2 01 011
2 4 22 2 01 101
2 4 24 2 01 110
2 4 29 2 01 122
2 4 35 2 01 212
2 4 37 2 01 221
2 5 1 2 02 1
2 5 8 2 02 12
2 5 10 2 02 21
2 5 17 2 02 012
2 5 19 2 02 021
2 5 23 2 02 102
2 5 26 2 02 112
2 5 27 2 02 120
2 5 28 2 02 121
2 5 29 2 02 122
2 5 31 2 02 201
2 5 33 2 02 210
2 5 34 2 02 211
2 5 35 2 02 212
2 5 37 2 02 221
2 6 1 2 10 1
2 6 8 2 10 12
2 6 10 2 10 21
2 6 16 2 10 011
2 6 22 2 10 101
2 6 24 2 10 110
2 6 29 2 10 122
2 6 35 2 10 212
2 6 37 2 10 221
2 8 17 2 12 012
2 8 19 2 12 021
2 8 23 2 12 102
2 8 27 2 12 120
2 8 31 2 12 201
2 8 33 2 12 210
2 9 1 2 20 1
2 9 8 2 20 12
2 9 10 2 20 21
2 9 17 2 20 012
2 9 19 2 20 021
2 9 23 2 20 102
2 9 26 2 20 112
2 9 27 2 20 120
2 9 28 2 20 121
2 9 29 2 20 122
2 9 31 2 20 201
2 9 33 2 20 210
2 9 34 2 20 211
2 9 35 2 20 212
2 9 37 2 20 221
2 10 17 2 21 012
2 10 19 2 21 021
2 10 23 2 21 102
2 10 27 2 21 120
2 10 31 2 21 201
2 10 33 2 21 210
2 13 4 2 001 01
2 13 6 2 001 10
2 13 17 2 001 012
2 13 19 2 001 021
2 13 23 2 001 102
2 13 27 2 001 120
2 13 29 2 001 122
2 13 31 2 001 201
2 13 33 2 001 210
2 13 35 2 001 212
2 13 37 2 001 221
2 14 17 2 002 012
2 14 19 2 002 021
2 14 23 2 002 102
2 14 27 2 002 120
2 14 29 2 002 122
2 14 31 2 002 201
2 14 33 2 002 210
2 14 35 2 002 212
2 14 37 2 002 221
2 15 4 2 010 01
2 15 6 2 010 10
2 15 17 2 010 012
2 15 19 2 010 021
2 15 23 2 010 102
2 15 27 2 010 120
2 15 29 2 010 122
2 15 31 2 010 201
2 15 33 2 010 210
2 15 35 2 010 212
2 15 37 2 010 221
2 16 1 2 011 1
2 16 4 2 011 01
2 16 6 2 011 10
2 16 7 2 011 11
2 16 8 2 011 12
2 16 10 2 011 21
2 16 26 2 011 112
2 16 28 2 011 121
2 16 34 2 011 211
2 17 1 2 012 1
2 17 7 2 012 11
2 17 8 2 012 12
2 17 10 2 012 21
2 17 26 2 012 112
2 17 28 2 012 121
2 17 29 2 012 122
2 17 34 2 012 211
2 17 35 2 012 212
2 17 37 2 012 221
2 18 17 2 020 012
2 18 19 2 020 021
2 18 23 2 020 102
2 18 27 2 020 120
2 18 29 2 020 122
2 18 31 2 020 201
2 18 33 2 020 210
2 18 35 2 020 212
2 18 37 2 020 221
2 19 1 2 021 1
2 19 7 2 021 11
2 19 8 2 021 12
2 19 10 2 021 21
2 19 26 2 021 112
2 19 28 2 021 121
2 19 29 2 021 122
2 19 34 2 021 211
2 19 35 2 021 212
2 19 37 2 021 221
2 20 8 2 022 12
2 20 10 2 022 21
2 20 29 2 022 122
2 20 35 2 022 212
2 20 37 2 022 221
2 21 4 2 100 01
2 21 6 2 100 10
2 21 17 2 100 012
2 21 19 2 100 021
2 21 23 2 100 102
2 21 27 2 100 120
2 21 29 2 100 122
2 21 31 2 100 201
2 21 33 2 100 210
2 21 35 2 100 212
2 21 37 2 100 221
2 22 1 2 101 1
2 22 4 2 101 01
2 22 6 2 101 10
2 22 7 2 101 11
2 22 8 2 101 12
2 22 10 2 101 21
2 22 26 2 101 112
2 22 28 2 101 121
2 22 34 2 101 211
2 23 1 2 102 1
2 23 7 2 102 11
2 23 8 2 102 12
2 23 10 2 102 21
2 23 26 2 102 112
2 23 28 2 102 121
2 23 29 2 102 122
2 23 34 2 102 211
2 23 35 2 102 212
2 23 37 2 102 221
2 24 1 2 110 1
2 24 4 2 110 01
2 24 6 2 110 10
2 24 7 2 110 11
2 24 8 2 110 12
2 24 10 2 110 21
2 24 26 2 110 112
2 24 28 2 110 121
2 24 34 2 110 211
2 27 1 2 120 1
2 27 7 2 120 11
2 27 8 2 120 12
2 27 10 2 120 21
2 27 26 2 120 112
2 27 28 2 120 121
2 27 29 2 120 122
2 27 34 2 120 211
2 27 35 2 120 212
2 27 37 2 120 221
2 30 17 2 200 012
2 30 19 2 200 021
2 30 23 2 200 102
2 30 27 2 200 120
2 30 29 2 200 122
2 30 31 2 200 201
2 30 33 2 200 210
2 30 35 2 200 212
2 30 37 2 200 221
2 31 1 2 201 1
2 31 7 2 201 11
2 31 8 2 201 12
2 31 10 2 201 21
2 31 26 2 201 112
2 31 28 2 201 121
2 31 29 2 201 122
2 31 34 2 201 211
2 31 35 2 201 212
2 31 37 2 201 221
2 32 8 2 202 12
2 32 10 2 202 21
2 32 29 2 202 122
2 32 35 2 202 212
2 32 37 2 202 221
2 33 1 2 210 1
2 33 7 2 210 11
2 33 8 2 210 12
2 33 10 2 210 21
2 33 26 2 210 112
2 33 28 2 210 121
2 33 29 2 210 122
2 33 34 2 210 211
2 33 35 2 210 212
2 33 37 2 210 221
2 36 8 2 220 12
2 36 10 2 220 21
2 36 29 2 220 122
2 36 35 2 220 212
2 36 37 2 220 221
4 2 0 01 2 0
4 2 5 01 2 02
4 2 9 01 2 20
4 2 13 01 2 001
4 2 15 01 2 010
4 2 20 01 2 022
4 2 21 01 2 100
4 2 32 01 2 202
4 2 36 01 2 220
4 5 0 01 02 0
4 5 13 01 02 001
4 5 14 01 02 002
4 5 15 01 02 010
4 5 17 01 02 012
4 5 18 01 02 020
4 5 19 01 02 021
4 5 21 01 02 100
4 5 23 01 02 102
4 5 27 01 02 120
4 5 30 01 02 200
4 5 31 01 02 201
4 5 33 01 02 210
4 8 0 01 12 0
4 8 13 01 12 001
4 8 15 01 12 010
4 8 16 01 12 011
4 8 17 01 12 012
4 8 19 01 12 021
4 8 21 01 12 100
4 8 22 01 12 101
4 8 23 01 12 102
4 8 24 01 12 110
4 8 27 01 12 120
4 8 31 01 12 201
4 8 33 01 12 210
4 9 0 01 20 0
4 9 13 01 20 001
4 9 14 01 20 002
4 9 15 01 20 010
4 9 17 01 20 012
4 9 18 01 20 020
4 9 19 01 20 021
4 9 21 01 20 100
4 9 23 01 20 102
4 9 27 01 20 120
4 9 30 01 20 200
4 9 31 01 20 201
4 9 33 01 20 210
4 10 0 01 21 0
4 10 13 01 21 001
4 10 15 01 21 010
4 10 16 01 21 011
4 10 17 01 21 012
4 10 19 01 21 021
4 10 21 01 21 100
4 10 22 01 21 101
4 10 23 01 21 102
4 10 24 01 21 110
4 10 27 01 21 120
4 10 31 01 21 201
4 10 33 01 21 210
4 11 13 01 22 001
4 11 15 01 22 010
4 11 20 01 22 022
4 11 21 01 22 100
4 11 32 01 22 202
4 11 36 01 22 220
4 14 0 01 002 0
4 14 3 01 002 00
4 14 5 01 002 02
4 14 9 01 002 20
4 17 0 01 012 0
4 17 1 01 012 1
4 17 3 01 012 00
4 17 5 01 012 02
4 17 9 01 012 20
4 17 13 01 012 001
4 17 14 01 012 002
4 17 15 01 012 010
4 17 18 01 012 020
4 17 21 01 012 100
4 17 30 01 012 200
4 18 0 01 020 0
4 18 3 01 020 00
4 18 5 01 020 02
4 18 9 01 020 20
4 19 0 01 021 0
4 19 1 01 021 1
4 19 3 01 021 00
4 19 5 01 021 02
4 19 9 01 021 20
4 19 13 01 021 001
4 19 14 01 021 002
4 19 15 01 021 010
4 19 18 01 021 020
4 19 21 01 021 100
4 19 30 01 021 200
4 20 5 01 022 02
4 20 9 01 022 20
4 20 13 01 022 001
4 20 15 01 022 010
4 20 21 01 022 100
4 23 0 01 102 0
4 23 1 01 102 1
4 23 3 01 102 00
4 23 5 01 102 02
4 23 9 01 102 20
4 23 13 01 102 001
4 23 14 01 102 002
4 23 15 01 102 010
4 23 18 01 102 020
4 23 21 01 102 100
4 23 30 01 102 200
4 26 0 01 112 0
4 26 3 01 112 00
4 26 13 01 112 001
4 26 15 01 112 010
4 26 16 01 112 011
4 26 17 01 112 012
4 26 19 01 112 021
4 26 21 01 112 100
4 26 22 01 112 101
4 26 23 01 112 102
4 26 24 01 112 110
4 26 27 01 112 120
4 26 31 01 112 201
4 26 33 01 112 210
4 27 0 01 120 0
4 27 1 01 120 1
4 27 3 01 120 00
4 27 5 01 120 02
4 27 9 01 120 20
4 27 13 01 120 001
4 27 14 01 120 002
4 27 15 01 120 010
4 27 18 01 120 020
4 27 21 01 120 100
4 27 30 01 120 200
4 28 0 01 121 0
4 28 3 01 121 00
4 28 13 01 121 001
4 28 15 01 121 010
4 28 16 01 121 011
4 28 17 01 121 012
4 28 19 01 121 021
4 28 21 01 121 100
4 28 22 01 121 101
4 28 23 01 121 102
4 28 24 01 121 110
4 28 27 01 121 120
4 28 31 01 121 201
4 28 33 01 121 210
4 29 13 01 122 001
4 29 15 01 122 010
4 29 17 01 122 012
4 29 19 01 122 021
4 29 21 01 122 100
4 29 23 01 122 102
4 29 27 01 122 120
4 29 31 01 122 201
4 29 33 01 122 210
4 30 0 01 200 0
4 30 3 01 200 00
4 30 5 01 200 02
4 30 9 01 200 20
4 31 0 01 201 0
4 31 1 01 201 1
4 31 3 01 201 00
4 31 5 01 201 02
4 31 9 01 201 20
4 31 13 01 201 001
4 31 14 01 201 002
4 31 15 01 201 010
4 31 18 01 201 020
4 31 21 01 201 100
4 31 30 01 201 200
4 32 5 01 202 02
4 32 9 01 202 20
4 32 13 01 202 001
4 32 15 01 202 010
4 32 21 01 202 100
4 33 0 01 210 0
4 33 1 01 210 1
4 33 3 01 210 00
4 33 5 01 210 02
4 33 9 01 210 20
4 33 13 01 210 001
4 33 14 01 210 002
4 33 15 01 210 010
4 33 18 01 210 020
4 33 21 01 210 100
4 33 30 01 210 200
4 34 0 01 211 0
4 34 3 01 211 00
4 34 13 01 211 001
4 34 15 01 211 010
4 34 16 01 211 011
4 34 17 01 211 012
4 34 19 01 211 021
4 34 21 01 211 100
4 34 22 01 211 101
4 34 23 01 211 102
4 34 24 01 211 110
4 34 27 01 211 120
4 34 31 01 211 201
4 34 33 01 211 210
4 35 13 01 212 001
4 35 15 01 212 010
4 35 17 01 212 012
4 35 19 01 212 021
4 35 21 01 212 100
4 35 23 01 212 102
4 35 27 01 212 120
4 35 31 01 212 201
4 35 33 01 212 210
4 36 5 01 220 02
4 36 9 01 220 20
4 36 13 01 220 001
4 36 15 01 220 010
4 36 21 01 220 100
4 37 13 01 221 001
4 37 15 01 221 010
4 37 17 01 221 012
4 37 19 01 221 021
4 37 21 01 221 100
4 37 23 01 221 102
4 37 27 01 221 120
4 37 31 01 221 201
4 37 33 01 221 210
5 0 1 02 0 1
5 0 4 02 0 01
5 0 6 02 0 10
5 0 8 02 0 12
5 0 10 02 0 21
5 0 13 02 0 001
5 0 15 02 0 010
5 0 17 02 0 012
5 0 19 02 0 021
5 0 21 02 0 100
5 0 23 02 0 102
5 0 27 02 0 120
5 0 29 02 0 122
5 0 31 02 0 201
5 0 33 02 0 210
5 0 35 02 0 212
5 0 37 02 0 221
5 2 17 02 2 012
5 2 19 02 2 021
5 2 23 02 2 102
5 2 27 02 2 120
5 2 31 02 2 201
5 2 33 02 2 210
5 3 13 02 00 001
5 3 15 02 00 010
5 3 17 02 00 012
5 3 19 02 00 021
5 3 21 02 00 100
5 3 23 02 00 102
5 3 27 02 00 120
5 3 29 02 00 122
5 3 31 02 00 201
5 3 33 02 00 210
5 3 35 02 00 212
5 3 37 02 00 221
5 4 1 02 01 1
5 4 13 02 01 001
5 4 15 02 01 010
5 4 16 02 01 011
5 4 17 02 01 012
5 4 19 02 01 021
5 4 21 02 01 100
5 4 22 02 01 101
5 4 23 02 01 102
5 4 24 02 01 110
5 4 27 02 01 120
5 4 31 02 01 201
5 4 33 02 01 210
5 6 1 02 10 1
5 6 13 02 10 001
5 6 15 02 10 010
5 6 16 02 10 011
5 6 17 02 10 012
5 6 19 02 10 021
5 6 21 02 10 100
5 6 22 02 10 101
5 6 23 02 10 102
5 6 24 02 10 110
5 6 27 02 10 120
5 6 31 02 10 201
5 6 33 02 10 210
5 13 4 02 001 01
5 13 6 02 001 10
5 13 17 02 001 012
5 13 19 02 001 021
5 13 23 02 001 102
5 13 27 02 001 120
5 13 31 02 001 201
5 13 33 02 001 210
5 14 1 02 002 1
5 14 4 02 002 01
5 14 6 02 002 10
5 14 7 02 002 11
5 14 8 02 002 12
5 14 10 02 002 21
5 14 16 02 002 011
5 14 17 02 002 012
5 14 19 02 002 021
5 14 22 02 002 101
5 14 23 02 002 102
5 14 24 02 002 110
5 14 26 02 002 112
5 14 27 02 002 120
5 14 28 02 002 121
5 14 29 02 002 122
5 14 31 02 002 201
5 14 33 02 002 210
5 14 34 02 002 211
5 14 35 02 002 212
5 14 37 02 002 221
5 15 4 02 010 01
5 15 6 02 010 10
5 15 17 02 010 012
5 15 19 02 010 021
5 15 23 02 010 102
5 15 27 02 010 120
5 15 31 02 010 201
5 15 33 02 010 210
5 16 1 02 011 1
5 16 7 02 011 11
5 17 4 02 012 01
5 17 6 02 012 10
5 17 8 02 012 12
5 17 10 02 012 21
5 17 26 02 012 112
5 17 28 02 012 121
5 17 29 02 012 122
5 17 34 02 012 211
5 17 35 02 012 212
5 17 37 02 012 221
5 18 1 02 020 1
5 18 4 02 020 01
5 18 6 02 020 10
5 18 7 02 020 11
5 18 8 02 020 12
5 18 10 02 020 21
5 18 16 02 020 011
5 18 17 02 020 012
5 18 19 02 020 021
5 18 22 02 020 101
5 18 23 02 020 102
5 18 24 02 020 110
5 18 26 02 020 112
5 18 27 02 020 120
5 18 28 02 020 121
5 18 29 02 020 122
5 18 31 02 020 201
5 18 33 02 020 210
5 18 34 02 020 211
5 18 35 02 020 212
5 18 37 02 020 221
5 19 4 02 021 01
5 19 6 02 021 10
5 19 8 02 021 12
5 19 10 02 021 21
5 19 26 02 021 112
5 19 28 02 021 121
5 19 29 02 021 122
5 19 34 02 021 211
5 19 35 02 021 212
5 19 37 02 021 221
5 20 8 02 022 12
5 20 10 02 022 21
5 20 29 02 022 122
5 20 35 02 022 212
5 20 37 02 022 221
5 21 4 02 100 01
5 21 6 02 100 10
5 21 17 02 100 012
5 21 19 02 100 021
5 21 23 02 100 102
5 21 27 02 100 120
5 21 31 02 100 201
5 21 33 02 100 210
5 22 1 02 101 1
5 22 7 02 101 11
5 23 4 02 102 01
5 23 6 02 102 10
5 23 8 02 102 12
5 23 10 02 102 21
5 23 26 02 102 112
5 23 28 02 102 121
5 23 29 02 102 122
5 23 34 02 102 211
5 23 35 02 102 212
5 23 37 02 102 221
5 24 1 02 110 1
5 24 7 02 110 11
5 27 4 02 120 01
5 27 6 02 120 10
5 27 8 02 120 12
5 27 10 02 120 21
5 27 26 02 120 112
5 27 28 02 120 121
5 27 29 02 120 122
5 27 34 02 120 211
5 27 35 02 120 212
5 27 37 02 120 221
5 30 1 02 200 1
5 30 4 02 200 01
5 30 6 02 200 10
5 30 7 02 200 11
5 30 8 02 200 12
5 30 10 02 200 21
5 30 16 02 200 011
5 30 17 02 200 012
5 30 19 02 200 021
5 30 22 02 200 101
5 30 23 02 200 102
5 30 24 02 200 110
5 30 26 02 200 112
5 30 27 02 200 120
5 30 28 02 200 121
5 30 29 02 200 122
5 30 31 02 200 201
5 30 33 02 200 210
5 30 34 02 200 211
5 30 35 02 200 212
5 30 37 02 200 221
5 31 4 02 201 01
5 31 6 02 201 10
5 31 8 02 201 12
5 31 10 02 201 21
5 31 26 02 201 112
5 31 28 02 201 121
5 31 29 02 201 122
5 31 34 02 201 211
5 31 35 02 201 212
5 31 37 02 201 221
5 32 8 02 202 12
5 32 10 02 202 21
5 32 29 02 202 122
5 32 35 02 202 212
5 32 37 02 202 221
5 33 4 02 210 01
5 33 6 02 210 10
5 33 8 02 210 12
5 33 10 02 210 21
5 33 26 02 210 112
5 33 28 02 210 121
5 33 29 02 210 122
5 33 34 02 210 211
5 33 35 02 210 212
5 33 37 02 210 221
5 36 8 02 220 12
5 36 10 02 220 21
5 36 29 02 220 122
5 36 35 02 220 212
5 36 37 02 220 221
6 2 0 10 2 0
6 2 5 10 2 02
6 2 9 10 2 20
6 2 13 10 2 001
6 2 15 10 2 010
6 2 20 10 2 022
6 2 21 10 2 100
6 2 32 10 2 202
6 2 36 10 2 220
6 5 0 10 02 0
6 5 13 10 02 001
6 5 14 10 02 002
6 5 15 10 02 010
6 5 17 10 02 012
6 5 18 10 02 020
6 5 19 10 02 021
6 5 21 10 02 100
6 5 23 10 02 102
6 5 27 10 02 120
6 5 30 10 02 200
6 5 31 10 02 201
6 5 33 10 02 210
6 8 0 10 12 0
6 8 13 10 12 001
6 8 15 10 12 010
6 8 16 10 12 011
6 8 17 10 12 012
6 8 19 10 12 021
6 8 21 10 12 100
6 8 22 10 12 101
6 8 23 10 12 102
6 8 24 10 12 110
6 8 27 10 12 120
6 8 31 10 12 201
6 8 33 10 12 210
6 9 0 10 20 0
6 9 13 10 20 001
6 9 14 10 20 002
6 9 15 10 20 010
6 9 17 10 20 012
6 9 18 10 20 020
6 9 19 10 20 021
6 9 21 10 20 100
6 9 23 10 20 102
6 9 27 10 20 120
6 9 30 10 20 200
6 9 31 10 20 201
6 9 33 10 20 210
6 10 0 10 21 0
6 10 13 10 21 001
6 10 15 10 21 010
6 10 16 10 21 011
6 10 17 10 21 012
6 10 19 10 21 021
6 10 21 10 21 100
6 10 22 10 21 101
6 10 23 10 21 102
6 10 24 10 21 110
6 10 27 10 21 120
6 10 31 10 21 201
6 10 33 10 21 210
6 11 13 10 22 001
6 11 15 10 22 010
6 11 20 10 22 022
6 11 21 10 22 100
6 11 32 10 22 202
6 11 36 10 22 220
6 14 0 10 002 0
6 14 3 10 002 00
6 14 5 10 002 02
6 14 9 10 002 20
6 17 0 10 012 0
6 17 1 10 012 1
6 17 3 10 012 00
6 17 5 10 012 02
6 17 9 10 012 20
6 17 13 10 012 001
6 17 14 10 012 002
6 17 15 10 012 010
6 17 18 10 012 020
6 17 21 10 012 100
6 17 30 10 012 200
6 18 0 10 020 0
6 18 3 10 020 00
6 18 5 10 020 02
6 18 9 10 020 20
6 19 0 10 021 0
6 19 1 10 021 1
6 19 3 10 021 00
6 19 5 10 021 02
6 19 9 10 021 20
6 19 13 10 021 001
6 19 14 10 021 002
6 19 15 10 021 010
6 19 18 10 021 020
6 19 21 10 021 100
6 19 30 10 021 200
6 20 5 10 022 02
6 20 9 10 022 20
6 20 13 10 022 001
6 20 15 10 022 010
6 20 21 10 022 100
6 23 0 10 102 0
6 23 1 10 102 1
6 23 3 10 102 00
6 23 5 10 102 02
6 23 9 10 102 20
6 23 13 10 102 001
6 23 14 10 102 002
6 23 15 10 102 010
6 23 18 10 102 020
6 23 21 10 102 100
6 23 30 10 102 200
6 26 0 10 112 0
6 26 3 10 112 00
6 26 13 10 112 001
6 26 15 10 112 010
6 26 16 10 112 011
6 26 17 10 112 012
6 26 19 10 112 021
6 26 21 10 112 100
6 26 22 10 112 101
6 26 23 10 112 102
6 26 24 10 112 110
6 26 27 10 112 120
6 26 31 10 112 201
6 26 33 10 112 210
6 27 0 10 120 0
6 27 1 10 120 1
6 27 3 10 120 00
6 27 5 10 120 02
6 27 9 10 120 20
6 27 13 10 120 001
6 27 14 10 120 002
6 27 15 10 120 010
6 27 18 10 120 020
6 27 21 10 120 100
6 27 30 10 120 200
6 28 0 10 121 0
6 28 3 10 121 00
6 28 13 10 121 001
6 28 15 10 121 010
6 28 16 10 121 011
6 28 17 10 121 012
6 28 19 10 121 021
6 28 21 10 121 100
6 28 22 10 121 101
6 28 23 10 121 102
6 28 24 10 121 110
6 28 27 10 121 120
6 28 31 10 121 201
6 28 33 10 121 210
6 29 13 10 122 001
6 29 15 10 122 010
6 29 17 10 122 012
6 29 19 10 122 021
6 29 21 10 122 100
6 29 23 10 122 102
6 29 27 10 122 120
6 29 31 10 122 201
6 29 33 10 122 210
6 30 0 10 200 0
6 30 3 10 200 00
6 30 5 10 200 02
6 30 9 10 200 20
6 31 0 10 201 0
6 31 1 10 201 1
6 31 3 10 201 00
6 31 5 10 201 02
6 31 9 10 201 20
6 31 13 10 201 001
6 31 14 10 201 002
6 31 15 10 201 010
6 31 18 10 201 020
6 31 21 10 201 100
6 31 30 10 201 200
6 32 5 10 202 02
6 32 9 10 202 20
6 32 13 10 202 001
6 32 15 10 202 010
6 32 21 10 202 100
6 33 0 10 210 0
6 33 1 10 210 1
6 33 3 10 210 00
6 33 5 10 210 02
6 33 9 10 210 20
6 33 13 10 210 001
6 33 14 10 210 002
6 33 15 10 210 010
6 33 18 10 210 020
6 33 21 10 210 100
6 33 30 10 210 200
6 34 0 10 211 0
6 34 3 10 211 00
6 34 13 10 211 001
6 34 15 10 211 010
6 34 16 10 211 011
6 34 17 10 211 012
6 34 19 10 211 021
6 34 21 10 211 100
6 34 22 10 211 101
6 34 23 10 211 102
6 34 24 10 211 110
6 34 27 10 211 120
6 34 31 10 211 201
6 34 33 10 211 210
6 35 13 10 212 001
6 35 15 10 212 010
6 35 17 10 212 012
6 35 19 10 212 021
6 35 21 10 212 100
6 35 23 10 212 102
6 35 27 10 212 120
6 35 31 10 212 201
6 35 33 10 212 210
6 36 5 10 220 02
6 36 9 10 220 20
6 36 13 10 220 001
6 36 15 10 220 010
6 36 21 10 220 100
6 37 13 10 221 001
6 37 15 10 221 010
6 37 17 10 221 012
6 37 19 10 221 021
6 37 21 10 221 100
6 37 23 10 221 102
6 37 27 10 221 120
6 37 31 10 221 201
6 37 33 10 221 210
7 2 20 11 2 022
7 2 32 11 2 202
7 2 36 11 2 220
7 5 14 11 02 002
7 5 18 11 02 020
7 5 30 11 02 200
7 8 16 11 12 011
7 8 17 11 12 012
7 8 19 11 12 021
7 8 20 11 12 022
7 8 22 11 12 101
7 8 23 11 12 102
7 8 24 11 12 110
7 8 27 11 12 120
7 8 31 11 12 201
7 8 32 11 12 202
7 8 33 11 12 210
7 8 36 11 12 220
7 9 14 11 20 002
7 9 18 11 20 020
7 9 30 11 20 200
7 10 16 11 21 011
7 10 17 11 21 012
7 10 19 11 21 021
7 10 20 11 21 022
7 10 22 11 21 101
7 10 23 11 21 102
7 10 24 11 21 110
7 10 27 11 21 120
7 10 31 11 21 201
7 10 32 11 21 202
7 10 33 11 21 210
7 10 36 11 21 220
7 17 0 11 012 0
7 17 4 11 012 01
7 17 6 11 012 10
7 17 14 11 012 002
7 17 18 11 012 020
7 17 30 11 012 200
7 19 0 11 021 0
7 19 4 11 021 01
7 19 6 11 021 10
7 19 14 11 021 002
7 19 18 11 021 020
7 19 30 11 021 200
7 20 5 11 022 02
7 20 9 11 022 20
7 23 0 11 102 0
7 23 4 11 102 01
7 23 6 11 102 10
7 23 14 11 102 002
7 23 18 11 102 020
7 23 30 11 102 200
7 26 0 11 112 0
7 26 4 11 112 01
7 26 5 11 112 02
7 26 6 11 112 10
7 26 9 11 112 20
7 26 16 11 112 011
7 26 17 11 112 012
7 26 19 11 112 021
7 26 20 11 112 022
7 26 22 11 112 101
7 26 23 11 112 102
7 26 24 11 112 110
7 26 27 11 112 120
7 26 31 11 112 201
7 26 32 11 112 202
7 26 33 11 112 210
7 26 36 11 112 220
7 27 0 11 120 0
7 27 4 11 120 01
7 27 6 11 120 10
7 27 14 11 120 002
7 27 18 11 120 020
7 27 30 11 120 200
7 28 0 11 121 0
7 28 4 11 121 01
7 28 5 11 121 02
7 28 6 11 121 10
7 28 9 11 121 20
7 28 16 11 121 011
7 28 17 11 121 012
7 28 19 11 121 021
7 28 20 11 121 022
7 28 22 11 121 101
7 28 23 11 121 102
7 28 24 11 121 110
7 28 27 11 121 120
7 28 31 11 121 201
7 28 32 11 121 202
7 28 33 11 121 210
7 28 36 11 121 220
7 31 0 11 201 0
7 31 4 11 201 01
7 31 6 11 201 10
7 31 14 11 201 002
7 31 18 11 201 020
7 31 30 11 201 200
7 32 5 11 202 02
7 32 9 11 202 20
7 33 0 11 210 0
7 33 4 11 210 01
7 33 6 11 210 10
7 33 14 11 210 002
7 33 18 11 210 020
7 33 30 11 210 200
7 34 0 11 211 0
7 34 4 11 211 01
7 34 5 11 211 02
7 34 6 11 211 10
7 34 9 11 211 20
7 34 16 11 211 011
7 34 17 11 211 012
7 34 19 11 211 021
7 34 20 11 211 022
7 34 22 11 211 101
7 34 23 11 211 102
7 34 24 11 211 110
7 34 27 11 211 120
7 34 31 11 211 201
7 34 32 11 211 202
7 34 33 11 211 210
7 34 36 11 211 220
7 36 5 11 220 02
7 36 9 11 220 20
8 0 1 12 0 1
8 0 26 12 0 112
8 0 28 12 0 121
8 0 29 12 0 122
8 0 34 12 0 211
8 0 35 12 0 212
8 0 37 12 0 221
8 2 0 12 2 0
8 2 5 12 2 02
8 2 9 12 2 20
8 2 14 12 2 002
8 2 17 12 2 012
8 2 18 12 2 020
8 2 19 12 2 021
8 2 20 12 2 022
8 2 23 12 2 102
8 2 27 12 2 120
8 2 30 12 2 200
8 2 31 12 2 201
8 2 32 12 2 202
8 2 33 12 2 210
8 2 36 12 2 220
8 3 26 12 00 112
8 3 28 12 00 121
8 3 34 12 00 211
8 4 1 12 01 1
8 4 16 12 01 011
8 4 17 12 01 012
8 4 19 12 01 021
8 4 22 12 01 101
8 4 23 12 01 102
8 4 24 12 01 110
8 4 26 12 01 112
8 4 27 12 01 120
8 4 28 12 01 121
8 4 31 12 01 201
8 4 33 12 01 210
8 4 34 12 01 211
8 6 1 12 10 1
8 6 16 12 10 011
8 6 17 12 10 012
8 6 19 12 10 021
8 6 22 12 10 101
8 6 23 12 10 102
8 6 24 12 10 110
8 6 26 12 10 112
8 6 27 12 10 120
8 6 28 12 10 121
8 6 31 12 10 201
8 6 33 12 10 210
8 6 34 12 10 211
8 11 17 12 22 012
8 11 19 12 22 021
8 11 20 12 22 022
8 11 23 12 22 102
8 11 27 12 22 120
8 11 31 12 22 201
8 11 32 12 22 202
8 11 33 12 22 210
8 11 36 12 22 220
8 13 1 12 001 1
8 13 26 12 001 112
8 13 28 12 001 121
8 13 34 12 001 211
8 15 1 12 010 1
8 15 26 12 010 112
8 15 28 12 010 121
8 15 34 12 010 211
8 16 1 12 011 1
8 16 7 12 011 11
8 16 26 12 011 112
8 16 28 12 011 121
8 16 34 12 011 211
8 17 1 12 012 1
8 17 5 12 012 02
8 17 7 12 012 11
8 17 9 12 012 20
8 17 26 12 012 112
8 17 28 12 012 121
8 17 29 12 012 122
8 17 34 12 012 211
8 17 35 12 012 212
8 17 37 12 012 221
8 19 1 12 021 1
8 19 5 12 021 02
8 19 7 12 021 11
8 19 9 12 021 20
8 19 26 12 021 112
8 19 28 12 021 121
8 19 29 12 021 122
8 19 34 12 021 211
8 19 35 12 021 212
8 19 37 12 021 221
8 20 5 12 022 02
8 20 9 12 022 20
8 21 1 12 100 1
8 21 26 12 100 112
8 21 28 12 100 121
8 21 34 12 100 211
8 22 1 12 101 1
8 22 7 12 101 11
8 22 26 12 101 112
8 22 28 12 101 121
8 22 34 12 101 211
8 23 1 12 102 1
8 23 5 12 102 02
8 23 7 12 102 11
8 23 9 12 102 20
8 23 26 12 102 112
8 23 28 12 102 121
8 23 29 12 102 122
8 23 34 12 102 211
8 23 35 12 102 212
8 23 37 12 102 221
8 24 1 12 110 1
8 24 7 12 110 11
8 24 26 12 110 112
8 24 28 12 110 121
8 24 34 12 110 211
8 26 0 12 112 0
8 26 17 12 112 012
8 26 19 12 112 021
8 26 23 12 112 102
8 26 27 12 112 120
8 26 31 12 112 201
8 26 33 12 112 210
8 27 1 12 120 1
8 27 5 12 120 02
8 27 7 12 120 11
8 27 9 12 120 20
8 27 26 12 120 112
8 27 28 12 120 121
8 27 29 12 120 122
8 27 34 12 120 211
8 27 35 12 120 212
8 27 37 12 120 221
8 28 0 12 121 0
8 28 17 12 121 012
8 28 19 12 121 021
8 28 23 12 121 102
8 28 27 12 121 120
8 28 31 12 121 201
8 28 33 12 121 210
8 29 0 12 122 0
8 29 3 12 122 00
8 29 5 12 122 02
8 29 9 12 122 20
8 29 14 12 122 002
8 29 17 12 122 012
8 29 18 12 122 020
8 29 19 12 122 021
8 29 20 12 122 022
8 29 23 12 122 102
8 29 27 12 122 120
8 29 30 12 122 200
8 29 31 12 122 201
8 29 32 12 122 202
8 29 33 12 122 210
8 29 36 12 122 220
8 31 1 12 201 1
8 31 5 12 201 02
8 31 7 12 201 11
8 31 9 12 201 20
8 31 26 12 201 112
8 31 28 12 201 121
8 31 29 12 201 122
8 31 34 12 201 211
8 31 35 12 201 212
8 31 37 12 201 221
8 32 5 12 202 02
8 32 9 12 202 20
8 33 1 12 210 1
8 33 5 12 210 02
8 33 7 12 210 11
8 33 9 12 210 20
8 33 26 12 210 112
8 33 28 12 210 121
8 33 29 12 210 122
8 33 34 12 210 211
8 33 35 12 210 212
8 33 37 12 210 221
8 34 0 12 211 0
8 34 17 12 211 012
8 34 19 12 211 021
8 34 23 12 211 102
8 34 27 12 211 120
8 34 31 12 211 201
8 34 33 12 211 210
8 35 0 12 212 0
8 35 3 12 212 00
8 35 5 12 212 02
8 35 9 12 212 20
8 35 14 12 212 002
8 35 17 12 212 012
8 35 18 12 212 020
8 35 19 12 212 021
8 35 20 12 212 022
8 35 23 12 212 102
8 35 27 12 212 120
8 35 30 12 212 200
8 35 31 12 212 201
8 35 32 12 212 202
8 35 33 12 212 210
8 35 36 12 212 220
8 36 5 12 220 02
8 36 9 12 220 20
8 37 0 12 221 0
8 37 3 12 221 00
8 37 5 12 221 02
8 37 9 12 221 20
8 37 14 12 221 002
8 37 17 12 221 012
8 37 18 12 221 020
8 37 19 12 221 021
8 37 20 12 221 022
8 37 23 12 221 102
8 37 27 12 221 120
8 37 30 12 221 200
8 37 31 12 221 201
8 37 32 12 221 202
8 37 33 12 221 210
8 37 36 12 221 220
9 0 1 20 0 1
9 0 4 20 0 01
9 0 6 20 0 10
9 0 8 20 0 12
9 0 10 20 0 21
9 0 13 20 0 001
9 0 15 20 0 010
9 0 17 20 0 012
9 0 19 20 0 021
9 0 21 20 0 100
9 0 23 20 0 102
9 0 27 20 0 120
9 0 29 20 0 122
9 0 31 20 0 201
9 0 33 20 0 210
9 0 35 20 0 212
9 0 37 20 0 221
9 2 17 20 2 012
9 2 19 20 2 021
9 2 23 20 2 102
9 2 27 20 2 120
9 2 31 20 2 201
9 2 33 20 2 210
9 3 13 20 00 001
9 3 15 20 00 010
9 3 17 20 00 012
9 3 19 20 00 021
9 3 21 20 00 100
9 3 23 20 00 102
9 3 27 20 00 120
9 3 29 20 00 122
9 3 31 20 00 201
9 3 33 20 00 210
9 3 35 20 00 212
9 3 37 20 00 221
9 4 1 20 01 1
9 4 13 20 01 001
9 4 15 20 01 010
9 4 16 20 01 011
9 4 17 20 01 012
9 4 19 20 01 021
9 4 21 20 01 100
9 4 22 20 01 101
9 4 23 20 01 102
9 4 24 20 01 110
9 4 27 20 01 120
9 4 31 20 01 201
9 4 33 20 01 210
9 6 1 20 10 1
9 6 13 20 10 001
9 6 15 20 10 010
9 6 16 20 10 011
9 6 17 20 10 012
9 6 19 20 10 021
9 6 21 20 10 100
9 6 22 20 10 101
9 6 23 20 10 102
9 6 24 20 10 110
9 6 27 20 10 120
9 6 31 20 10 201
9 6 33 20 10 210
9 13 4 20 001 01
9 13 6 20 001 10
9 13 17 20 001 012
9 13 19 20 001 021
9 13 23 20 001 102
9 13 27 20 001 120
9 13 31 20 001 201
9 13 33 20 001 210
9 14 1 20 002 1
9 14 4 20 002 01
9 14 6 20 002 10
9 14 7 20 002 11
9 14 8 20 002 12
9 14 10 20 002 21
9 14 16 20 002 011
9 14 17 20 002 012
9 14 19 20 002 021
9 14 22 20 002 101
9 14 23 20 002 102
9 14 24 20 002 110
9 14 26 20 002 112
9 14 27 20 002 120
9 14 28 20 002 121
9 14 29 20 002 122
9 14 31 20 002 201
9 14 33 20 002 210
9 14 34 20 002 211
9 14 35 20 002 212
9 14 37 20 002 221
9 15 4 20 010 01
9 15 6 20 010 10
9 15 17 20 010 012
9 15 19 20 010 021
9 15 23 20 010 102
9 15 27 20 010 120
9 15 31 20 010 201
9 15 33 20 010 210
9 16 1 20 011 1
9 16 7 20 011 11
9 17 4 20 012 01
9 17 6 20 012 10
9 17 8 20 012 12
9 17 10 20 012 21
9 17 26 20 012 112
9 17 28 20 012 121
9 17 29 20 012 122
9 17 34 20 012 211
9 17 35 20 012 212
9 17 37 20 012 221
9 18 1 20 020 1
9 18 4 20 020 01
9 18 6 20 020 10
9 18 7 20 020 11
9 18 8 20 020 12
9 18 10 20 020 21
9 18 16 20 020 011
9 18 17 20 020 012
9 18 19 20 020 021
9 18 22 20 020 101
9 18 23 20 020 102
9 18 24 20 020 110
9 18 26 20 020 112
9 18 27 20 020 120
9 18 28 20 020 121
9 18 29 20 020 122
9 18 31 20 020 201
9 18 33 20 020 210
9 18 34 20 020 211
9 18 35 20 020 212
9 18 37 20 020 221
9 19 4 20 021 01
9 19 6 20 021 10
9 19 8 20 021 12
9 19 10 20 021 21
9 19 26 20 021 112
9 19 28 20 021 121
9 19 29 20 021 122
9 19 34 20 021 211
9 19 35 20 021 212
9 19 37 20 021 221
9 20 8 20 022 12
9 20 10 20 022 21
9 20 29 20 022 122
9 20 35 20 022 212
9 20 37 20 022 221
9 21 4 20 100 01
9 21 6 20 100 10
9 21 17 20 100 012
9 21 19 20 100 021
9 21 23 20 100 102
9 21 27 20 100 120
9 21 31 20 100 201
9 21 33 20 100 210
9 22 1 20 101 1
9 22 7 20 101 11
9 23 4 20 102 01
9 23 6 20 102 10
9 23 8 20 102 12
9 23 10 20 102 21
9 23 26 20 102 112
9 23 28 20 102 121
9 23 29 20 102 122
9 23 34 20 102 211
9 23 35 20 102 212
9 23 37 20 102 221
9 24 1 20 110 1
9 24 7 20 110 11
9 27 4 20 120 01
9 27 6 20 120 10
9 27 8 20 120 12
9 27 10 20 120 21
9 27 26 20 120 112
9 27 28 20 120 121
9 27 29 20 120 122
9 27 34 20 120 211
9 27 35 20 120 212
9 27 37 20 120 221
9 30 1 20 200 1
9 30 4 20 200 01
9 30 6 20 200 10
9 30 7 20 200 11
9 30 8 20 200 12
9 30 10 20 200 21
9 30 16 20 200 011
9 30 17 20 200 012
9 30 19 20 200 021
9 30 22 20 200 101
9 30 23 20 200 102
9 30 24 20 200 110
9 30 26 20 200 112
9 30 27 20 200 120
9 30 28 20 200 121
9 30 29 20 200 122
9 30 31 20 200 201
9 30 33 20 200 210
9 30 34 20 200 211
9 30 35 20 200 212
9 30 37 20 200 221
9 31 4 20 201 01
9 31 6 20 201 10
9 31 8 20 201 12
9 31 10 20 201 21
9 31 26 20 201 112
9 31 28 20 201 121
9 31 29 20 201 122
9 31 34 20 201 211
9 31 35 20 201 212
9 31 37 20 201 221
9 32 8 20 202 12
9 32 10 20 202 21
9 32 29 20 202 122
9 32 35 20 202 212
9 32 37 20 202 221
9 33 4 20 210 01
9 33 6 20 210 10
9 33 8 20 210 12
9 33 10 20 210 21
9 33 26 20 210 112
9 33 28 20 210 121
9 33 29 20 210 122
9 33 34 20 210 211
9 33 35 20 210 212
9 33 37 20 210 221
9 36 8 20 220 12
9 36 10 20 220 21
9 36 29 20 220 122
9 36 35 20 220 212
9 36 37 20 220 221
10 0 1 21 0 1
10 0 26 21 0 112
10 0 28 21 0 121
10 0 29 21 0 122
10 0 34 21 0 211
10 0 35 21 0 212
10 0 37 21 0 221
10 2 0 21 2 0
10 2 5 21 2 02
10 2 9 21 2 20
10 2 14 21 2 002
10 2 17 21 2 012
10 2 18 21 2 020
10 2 19 21 2 021
10 2 20 21 2 022
10 2 23 21 2 102
10 2 27 21 2 120
10 2 30 21 2 200
10 2 31 21 2 201
10 2 32 21 2 202
10 2 33 21 2 210
10 2 36 21 2 220
10 3 26 21 00 112
10 3 28 21 00 121
10 3 34 21 00 211
10 4 1 21 01 1
10 4 16 21 01 011
10 4 17 21 01 012
10 4 19 21 01 021
10 4 22 21 01 101
10 4 23 21 01 102
10 4 24 21 01 110
10 4 26 21 01 112
10 4 27 21 01 120
10 4 28 21 01 121
10 4 31 21 01 201
10 4 33 21 01 210
10 4 34 21 01 211
10 6 1 21 10 1
10 6 16 21 10 011
10 6 17 21 10 012
10 6 19 21 10 021
10 6 22 21 10 101
10 6 23 21 10 102
10 6 24 21 10 110
10 6 26 21 10 112
10 6 27 21 10 120
10 6 28 21 10 121
10 6 31 21 10 201
10 6 33 21 10 210
10 6 34 21 10 211
10 11 17 21 22 012
10 11 19 21 22 021
10 11 20 21 22 022
10 11 23 21 22 102
10 11 27 21 22 120
10 11 31 21 22 201
10 11 32 21 22 202
10 11 33 21 22 210
10 11 36 21 22 220
10 13 1 21 001 1
10 13 26 21 001 112
10 13 28 21 001 121
10 13 34 21 001 211
10 15 1 21 010 1
10 15 26 21 010 112
10 15 28 21 010 121
10 15 34 21 010 211
10 16 1 21 011 1
10 16 7 21 011 11
10 16 26 21 011 112
10 16 28 21 011 121
10 16 34 21 011 211
10 17 1 21 012 1
10 17 5 21 012 02
10 17 7 21 012 11
10 17 9 21 012 20
10 17 26 21 012 112
10 17 28 21 012 121
10 17 29 21 012 122
10 17 34 21 012 211
10 17 35 21 012 212
10 17 37 21 012 221
10 19 1 21 021 1
10 19 5 21 021 02
10 19 7 21 021 11
10 19 9 21 021 20
10 19 26 21 021 112
10 19 28 21 021 121
10 19 29 21 021 122
10 19 34 21 021 211
10 19 35 21 021 212
10 19 37 21 021 221
10 20 5 21 022 02
10 20 9 21 022 20
10 21 1 21 100 1
10 21 26 21 100 112
10 21 28 21 100 121
10 21 34 21 100 211
10 22 1 21 101 1
10 22 7 21 101 11
10 22 26 21 101 112
10 22 28 21 101 121
10 22 34 21 101 211
10 23 1 21 102 1
10 23 5 21 102 02
10 23 7 21 102 11
10 23 9 21 102 20
10 23 26 21 102 112
10 23 28 21 102 121
10 23 29 21 102 122
10 23 34 21 102 211
10 23 35 21 102 212
10 23 37 21 102 221
10 24 1 21 110 1
10 24 7 21 110 11
10 24 26 21 110 112
10 24 28 21 110 121
10 24 34 21 110 211
10 26 0 21 112 0
10 26 17 21 112 012
10 26 19 21 112 021
10 26 23 21 112 102
10 26 27 21 112 120
10 26 31 21 112 201
10 26 33 21 112 210
10 27 1 21 120 1
10 27 5 21 120 02
10 27 7 21 120 11
10 27 9 21 120 20
10 27 26 21 120 112
10 27 28 21 120 121
10 27 29 21 120 122
10 27 34 21 120 211
10 27 35 21 120 212
10 27 37 21 120 221
10 28 0 21 121 0
10 28 17 21 121 012
10 28 19 21 121 021
10 28 23 21 121 102
10 28 27 21 121 120
10 28 31 21 121 201
10 28 33 21 121 210
10 29 0 21 122 0
10 29 3 21 122 00
10 29 5 21 122 02
10 29 9 21 122 20
10 29 14 21 122 002
10 29 17 21 122 012
10 29 18 21 122 020
10 29 19 21 122 021
10 29 20 21 122 022
10 29 23 21 122 102
10 29 27 21 122 120
10 29 30 21 122 200
10 29 31 21 122 201
10 29 32 21 122 202
10 29 33 21 122 210
10 29 36 21 122 220
10 31 1 21 201 1
10 31 5 21 201 02
10 31 7 21 201 11
10 31 9 21 201 20
10 31 26 21 201 112
10 31 28 21 201 121
10 31 29 21 201 122
10 31 34 21 201 211
10 31 35 21 201 212
10 31 37 21 201 221
10 32 5 21 202 02
10 32 9 21 202 20
10 33 1 21 210 1
10 33 5 21 210 02
10 33 7 21 210 11
10 33 9 21 210 20
10 33 26 21 210 112
10 33 28 21 210 121
10 33 29 21 210 122
10 33 34 21 210 211
10 33 35 21 210 212
10 33 37 21 210 221
10 34 0 21 211 0
10 34 17 21 211 012
10 34 19 21 211 021
10 34 23 21 211 102
10 34 27 21 211 120
10 34 31 21 211 201
10 34 33 21 211 210
10 35 0 21 212 0
10 35 3 21 212 00
10 35 5 21 212 02
10 35 9 21 212 20
10 35 14 21 212 002
10 35 17 21 212 012
10 35 18 21 212 020
10 35 19 21 212 021
10 35 20 21 212 022
10 35 23 21 212 102
10 35 27 21 212 120
10 35 30 21 212 200
10 35 31 21 212 201
10 35 32 21 212 202
10 35 33 21 212 210
10 35 36 21 212 220
10 36 5 21 220 02
10 36 9 21 220 20
10 37 0 21 221 0
10 37 3 21 221 00
10 37 5 21 221 02
10 37 9 21 221 20
10 37 14 21 221 002
10 37 17 21 221 012
10 37 18 21 221 020
10 37 19 21 221 021
10 37 20 21 221 022
10 37 23 21 221 102
10 37 27 21 221 120
10 37 30 21 221 200
10 37 31 21 221 201
10 37 32 21 221 202
10 37 33 21 221 210
10 37 36 21 221 220
11 0 17 22 0 012
11 0 19 22 0 021
11 0 23 22 0 102
11 0 27 22 0 120
11 0 29 22 0 122
11 0 31 22 0 201
11 0 33 22 0 210
11 0 35 22 0 212
11 0 37 22 0 221
11 4 16 22 01 011
11 4 22 22 01 101
11 4 24 22 01 110
11 4 29 22 01 122
11 4 35 22 01 212
11 4 37 22 01 221
11 5 17 22 02 012
11 5 19 22 02 021
11 5 23 22 02 102
11 5 27 22 02 120
11 5 29 22 02 122
11 5 31 22 02 201
11 5 33 22 02 210
11 5 35 22 02 212
11 5 37 22 02 221
11 6 16 22 10 011
11 6 22 22 10 101
11 6 24 22 10 110
11 6 29 22 10 122
11 6 35 22 10 212
11 6 37 22 10 221
11 9 17 22 20 012
11 9 19 22 20 021
11 9 23 22 20 102
11 9 27 22 20 120
11 9 29 22 20 122
11 9 31 22 20 201
11 9 33 22 20 210
11 9 35 22 20 212
11 9 37 22 20 221
11 13 4 22 001 01
11 13 6 22 001 10
11 13 17 22 001 012
11 13 19 22 001 021
11 13 23 22 001 102
11 13 27 22 001 120
11 13 31 22 001 201
11 13 33 22 001 210
11 15 4 22 010 01
11 15 6 22 010 10
11 15 17 22 010 012
11 15 19 22 010 021
11 15 23 22 010 102
11 15 27 22 010 120
11 15 31 22 010 201
11 15 33 22 010 210
11 16 1 22 011 1
11 16 8 22 011 12
11 16 10 22 011 21
11 16 29 22 011 122
11 16 35 22 011 212
11 16 37 22 011 221
11 17 8 22 012 12
11 17 10 22 012 21
11 17 29 22 012 122
11 17 35 22 012 212
11 17 37 22 012 221
11 19 8 22 021 12
11 19 10 22 021 21
11 19 29 22 021 122
11 19 35 22 021 212
11 19 37 22 021 221
11 20 8 22 022 12
11 20 10 22 022 21
11 20 29 22 022 122
11 20 35 22 022 212
11 20 37 22 022 221
11 21 4 22 100 01
11 21 6 22 100 10
11 21 17 22 100 012
11 21 19 22 100 021
11 21 23 22 100 102
11 21 27 22 100 120
11 21 31 22 100 201
11 21 33 22 100 210
11 22 1 22 101 1
11 22 8 22 101 12
11 22 10 22 101 21
11 22 29 22 101 122
11 22 35 22 101 212
11 22 37 22 101 221
11 23 8 22 102 12
11 23 10 22 102 21
11 23 29 22 102 122
11 23 35 22 102 212
11 23 37 22 102 221
11 24 1 22 110 1
11 24 8 22 110 12
11 24 10 22 110 21
11 24 29 22 110 122
11 24 35 22 110 212
11 24 37 22 110 221
11 27 8 22 120 12
11 27 10 22 120 21
11 27 29 22 120 122
11 27 35 22 120 212
11 27 37 22 120 221
11 31 8 22 201 12
11 31 10 22 201 21
11 31 29 22 201 122
11 31 35 22 201 212
11 31 37 22 201 221
11 32 8 22 202 12
11 32 10 22 202 21
11 32 29 22 202 122
11 32 35 22 202 212
11 32 37 22 202 221
11 33 8 22 210 12
11 33 10 22 210 21
11 33 29 22 210 122
11 33 35 22 210 212
11 33 37 22 210 221
11 36 8 22 220 12
11 36 10 22 220 21
11 36 29 22 220 122
11 36 35 22 220 212
11 36 37 22 220 221
13 2 0 001 2 0
13 2 3 001 2 00
13 2 4 001 2 01
13 2 5 001 2 02
13 2 6 001 2 10
13 2 9 001 2 20
13 2 14 001 2 002
13 2 18 001 2 020
13 2 30 001 2 200
13 5 0 001 02 0
13 5 3 001 02 00
13 5 14 001 02 002
13 5 18 001 02 020
13 5 30 001 02 200
13 8 0 001 12 0
13 8 3 001 12 00
13 9 0 001 20 0
13 9 3 001 20 00
13 9 14 001 20 002
13 9 18 001 20 020
13 9 30 001 20 200
13 10 0 001 21 0
13 10 3 001 21 00
13 11 0 001 22 0
13 11 5 001 22 02
13 11 9 001 22 20
13 11 20 001 22 022
13 11 32 001 22 202
13 11 36 001 22 220
13 14 0 001 002 0
13 14 3 001 002 00
13 14 5 001 002 02
13 14 9 001 002 20
13 17 0 001 012 0
13 17 3 001 012 00
13 17 4 001 012 01
13 17 5 001 012 02
13 17 6 001 012 10
13 17 9 001 012 20
13 18 0 001 020 0
13 18 3 001 020 00
13 18 5 001 020 02
13 18 9 001 020 20
13 19 0 001 021 0
13 19 3 001 021 00
13 19 4 001 021 01
13 19 5 001 021 02
13 19 6 001 021 10
13 19 9 001 021 20
13 20 0 001 022 0
13 20 5 001 022 02
13 20 9 001 022 20
13 23 0 001 102 0
13 23 3 001 102 00
13 23 4 001 102 01
13 23 5 001 102 02
13 23 6 001 102 10
13 23 9 001 102 20
13 26 3 001 112 00
13 27 0 001 120 0
13 27 3 001 120 00
13 27 4 001 120 01
13 27 5 001 120 02
13 27 6 001 120 10
13 27 9 001 120 20
13 28 3 001 121 00
13 29 0 001 122 0
13 30 0 001 200 0
13 30 3 001 200 00
13 30 5 001 200 02
13 30 9 001 200 20
13 31 0 001 201 0
13 31 3 001 201 00
13 31 4 001 201 01
13 31 5 001 201 02
13 31 6 001 201 10
13 31 9 001 201 20
13 32 0 001 202 0
13 32 5 001 202 02
13 32 9 001 202 20
13 33 0 001 210 0
13 33 3 001 210 00
13 33 4 001 210 01
13 33 5 001 210 02
13 33 6 001 210 10
13 33 9 001 210 20
13 34 3 001 211 00
13 35 0 001 212 0
13 36 0 001 220 0
13 36 5 001 220 02
13 36 9 001 220 20
13 37 0 001 221 0
14 0 1 002 0 1
14 0 4 002 0 01
14 0 6 002 0 10
14 0 7 002 0 11
14 0 8 002 0 12
14 0 10 002 0 21
14 0 13 002 0 001
14 0 15 002 0 010
14 0 16 002 0 011
14 0 17 002 0 012
14 0 19 002 0 021
14 0 21 002 0 100
14 0 22 002 0 101
14 0 23 002 0 102
14 0 24 002 0 110
14 0 26 002 0 112
14 0 27 002 0 120
14 0 28 002 0 121
14 0 31 002 0 201
14 0 33 002 0 210
14 0 34 002 0 211
14 3 1 002 00 1
14 3 4 002 00 01
14 3 6 002 00 10
14 3 8 002 00 12
14 3 10 002 00 21
14 3 13 002 00 001
14 3 15 002 00 010
14 3 17 002 00 012
14 3 19 002 00 021
14 3 21 002 00 100
14 3 23 002 00 102
14 3 27 002 00 120
14 3 29 002 00 122
14 3 31 002 00 201
14 3 33 002 00 210
14 3 35 002 00 212
14 3 37 002 00 221
14 4 1 002 01 1
14 4 7 002 01 11
14 4 13 002 01 001
14 4 15 002 01 010
14 4 16 002 01 011
14 4 17 002 01 012
14 4 19 002 01 021
14 4 21 002 01 100
14 4 22 002 01 101
14 4 23 002 01 102
14 4 24 002 01 110
14 4 27 002 01 120
14 4 31 002 01 201
14 4 33 002 01 210
14 5 1 002 02 1
14 5 17 002 02 012
14 5 19 002 02 021
14 5 23 002 02 102
14 5 27 002 02 120
14 5 31 002 02 201
14 5 33 002 02 210
14 6 1 002 10 1
14 6 7 002 10 11
14 6 13 002 10 001
14 6 15 002 10 010
14 6 16 002 10 011
14 6 17 002 10 012
14 6 19 002 10 021
14 6 21 002 10 100
14 6 22 002 10 101
14 6 23 002 10 102
14 6 24 002 10 110
14 6 27 002 10 120
14 6 31 002 10 201
14 6 33 002 10 210
14 9 1 002 20 1
14 9 17 002 20 012
14 9 19 002 20 021
14 9 23 002 20 102
14 9 27 002 20 120
14 9 31 002 20 201
14 9 33 002 20 210
14 13 1 002 001 1
14 13 4 002 001 01
14 13 6 002 001 10
14 15 1 002 010 1
14 15 4 002 010 01
14 15 6 002 010 10
14 16 7 002 011 11
14 21 1 002 100 1
14 21 4 002 100 01
14 21 6 002 100 10
14 22 7 002 101 11
14 24 7 002 110 11
15 2 0 010 2 0
15 2 3 010 2 00
15 2 4 010 2 01
15 2 5 010 2 02
15 2 6 010 2 10
15 2 9 010 2 20
15 2 14 010 2 002
15 2 18 010 2 020
15 2 30 010 2 200
15 5 0 010 02 0
15 5 3 010 02 00
15 5 14 010 02 002
15 5 18 010 02 020
15 5 30 010 02 200
15 8 0 010 12 0
15 8 3 010 12 00
15 9 0 010 20 0
15 9 3 010 20 00
15 9 14 010 20 002
15 9 18 010 20 020
15 9 30 010 20 200
15 10 0 010 21 0
15 10 3 010 21 00
15 11 0 010 22 0
15 11 5 010 22 02
15 11 9 010 22 20
15 11 20 010 22 022
15 11 32 010 22 202
15 11 36 010 22 220
15 14 0 010 002 0
15 14 3 010 002 00
15 14 5 010 002 02
15 14 9 010 002 20
15 17 0 010 012 0
15 17 3 010 012 00
15 17 4 010 012 01
15 17 5 010 012 02
15 17 6 010 012 10
15 17 9 010 012 20
15 18 0 010 020 0
15 18 3 010 020 00
15 18 5 010 020 02
15 18 9 010 020 20
15 19 0 010 021 0
15 19 3 010 021 00
15 19 4 010 021 01
15 19 5 010 021 02
15 19 6 010 021 10
15 19 9 010 021 20
15 20 0 010 022 0
15 20 5 010 022 02
15 20 9 010 022 20
15 23 0 010 102 0
15 23 3 010 102 00
15 23 4 010 102 01
15 23 5 010 102 02
15 23 6 010 102 10
15 23 9 010 102 20
15 26 3 010 112 00
15 27 0 010 120 0
15 27 3 010 120 00
15 27 4 010 120 01
15 27 5 010 120 02
15 27 6 010 120 10
15 27 9 010 120 20
15 28 3 010 121 00
15 29 0 010 122 0
15 30 0 010 200 0
15 30 3 010 200 00
15 30 5 010 200 02
15 30 9 010 200 20
15 31 0 010 201 0
15 31 3 010 201 00
15 31 4 010 201 01
15 31 5 010 201 02
15 31 6 010 201 10
15 31 9 010 201 20
15 32 0 010 202 0
15 32 5 010 202 02
15 32 9 010 202 20
15 33 0 010 210 0
15 33 3 010 210 00
15 33 4 010 210 01
15 33 5 010 210 02
15 33 6 010 210 10
15 33 9 010 210 20
15 34 3 010 211 00
15 35 0 010 212 0
15 36 0 010 220 0
15 36 5 010 220 02
15 36 9 010 220 20
15 37 0 010 221 0
16 2 4 011 2 01
16 2 6 011 2 10
16 2 17 011 2 012
16 2 19 011 2 021
16 2 20 011 2 022
16 2 23 011 2 102
16 2 27 011 2 120
16 2 31 011 2 201
16 2 32 011 2 202
16 2 33 011 2 210
16 2 36 011 2 220
16 5 0 011 02 0
16 5 14 011 02 002
16 5 18 011 02 020
16 5 30 011 02 200
16 8 4 011 12 01
16 8 6 011 12 10
16 8 17 011 12 012
16 8 19 011 12 021
16 8 23 011 12 102
16 8 27 011 12 120
16 8 31 011 12 201
16 8 33 011 12 210
16 9 0 011 20 0
16 9 14 011 20 002
16 9 18 011 20 020
16 9 30 011 20 200
16 10 4 011 21 01
16 10 6 011 21 10
16 10 17 011 21 012
16 10 19 011 21 021
16 10 23 011 21 102
16 10 27 011 21 120
16 10 31 011 21 201
16 10 33 011 21 210
16 11 4 011 22 01
16 11 6 011 22 10
16 11 17 011 22 012
16 11 19 011 22 021
16 11 23 011 22 102
16 11 27 011 22 120
16 11 31 011 22 201
16 11 33 011 22 210
16 17 0 011 012 0
16 17 4 011 012 01
16 17 5 011 012 02
16 17 6 011 012 10
16 17 9 011 012 20
16 19 0 011 021 0
16 19 4 011 021 01
16 19 5 011 021 02
16 19 6 011 021 10
16 19 9 011 021 20
16 20 5 011 022 02
16 20 9 011 022 20
16 23 0 011 102 0
16 23 4 011 102 01
16 23 5 011 102 02
16 23 6 011 102 10
16 23 9 011 102 20
16 26 0 011 112 0
16 26 4 011 112 01
16 26 6 011 112 10
16 27 0 011 120 0
16 27 4 011 120 01
16 27 5 011 120 02
16 27 6 011 120 10
16 27 9 011 120 20
16 28 0 011 121 0
16 28 4 011 121 01
16 28 6 011 121 10
16 29 4 011 122 01
16 29 6 011 122 10
16 31 0 011 201 0
16 31 4 011 201 01
16 31 5 011 201 02
16 31 6 011 201 10
16 31 9 011 201 20
16 32 5 011 202 02
16 32 9 011 202 20
16 33 0 011 210 0
16 33 4 011 210 01
16 33 5 011 210 02
16 33 6 011 210 10
16 33 9 011 210 20
16 34 0 011 211 0
16 34 4 011 211 01
16 34 6 011 211 10
16 35 4 011 212 01
16 35 6 011 212 10
16 36 5 011 220 02
16 36 9 011 220 20
16 37 4 011 221 01
16 37 6 011 221 10
17 0 1 012 0 1
17 0 4 012 0 01
17 0 5 012 0 02
17 0 6 012 0 10
17 0 9 012 0 20
17 0 16 012 0 011
17 0 22 012 0 101
17 0 24 012 0 110
17 0 26 012 0 112
17 0 28 012 0 121
17 0 34 012 0 211
17 2 0 012 2 0
17 2 3 012 2 00
17 2 5 012 2 02
17 2 9 012 2 20
17 2 14 012 2 002
17 2 18 012 2 020
17 2 20 012 2 022
17 2 30 012 2 200
17 2 32 012 2 202
17 2 36 012 2 220
17 3 1 012 00 1
17 3 4 012 00 01
17 3 6 012 00 10
17 3 26 012 00 112
17 3 28 012 00 121
17 3 34 012 00 211
17 4 0 012 01 0
17 4 1 012 01 1
17 4 7 012 01 11
17 4 8 012 01 12
17 4 10 012 01 21
17 4 16 012 01 011
17 4 22 012 01 101
17 4 24 012 01 110
17 4 26 012 01 112
17 4 28 012 01 121
17 4 34 012 01 211
17 5 0 012 02 0
17 5 3 012 02 00
17 5 8 012 02 12
17 5 10 012 02 21
17 5 14 012 02 002
17 5 18 012 02 020
17 5 20 012 02 022
17 5 30 012 02 200
17 5 32 012 02 202
17 5 36 012 02 220
17 6 0 012 10 0
17 6 1 012 10 1
17 6 7 012 10 11
17 6 8 012 10 12
17 6 10 012 10 21
17 6 16 012 10 011
17 6 22 012 10 101
17 6 24 012 10 110
17 6 26 012 10 112
17 6 28 012 10 121
17 6 34 012 10 211
17 8 4 012 12 01
17 8 5 012 12 02
17 8 6 012 12 10
17 8 9 012 12 20
17 8 14 012 12 002
17 8 18 012 12 020
17 8 20 012 12 022
17 8 30 012 12 200
17 8 32 012 12 202
17 8 36 012 12 220
17 9 0 012 20 0
17 9 3 012 20 00
17 9 8 012 20 12
17 9 10 012 20 21
17 9 14 012 20 002
17 9 18 012 20 020
17 9 20 012 20 022
17 9 30 012 20 200
17 9 32 012 20 202
17 9 36 012 20 220
17 10 4 012 21 01
17 10 5 012 21 02
17 10 6 012 21 10
17 10 9 012 21 20
17 10 14 012 21 002
17 10 18 012 21 020
17 10 20 012 21 022
17 10 30 012 21 200
17 10 32 012 21 202
17 10 36 012 21 220
17 11 5 012 22 02
17 11 9 012 22 20
17 11 20 012 22 022
17 11 32 012 22 202
17 11 36 012 22 220
17 13 1 012 001 1
17 13 4 012 001 01
17 13 6 012 001 10
17 13 8 012 001 12
17 13 10 012 001 21
17 15 1 012 010 1
17 15 4 012 010 01
17 15 6 012 010 10
17 15 8 012 010 12
17 15 10 012 010 21
17 16 1 012 011 1
17 16 4 012 011 01
17 16 6 012 011 10
17 16 7 012 011 11
17 16 8 012 011 12
17 16 10 012 011 21
17 20 0 012 022 0
17 20 5 012 022 02
17 20 9 012 022 20
17 21 1 012 100 1
17 21 4 012 100 01
17 21 6 012 100 10
17 21 8 012 100 12
17 21 10 012 100 21
17 22 1 012 101 1
17 22 4 012 101 01
17 22 6 012 101 10
17 22 7 012 101 11
17 22 8 012 101 12
17 22 10 012 101 21
17 24 1 012 110 1
17 24 4 012 110 01
17 24 6 012 110 10
17 24 7 012 110 11
17 24 8 012 110 12
17 24 10 012 110 21
17 29 0 012 122 0
17 29 3 012 122 00
17 29 5 012 122 02
17 29 9 012 122 20
17 32 0 012 202 0
17 32 5 012 202 02
17 32 9 012 202 20
17 35 0 012 212 0
17 35 3 012 212 00
17 35 5 012 212 02
17 35 9 012 212 20
17 36 0 012 220 0
17 36 5 012 220 02
17 36 9 012 220 20
17 37 0 012 221 0
17 37 3 012 221 00
17 37 5 012 221 02
17 37 9 012 221 20
18 0 1 020 0 1
18 0 4 020 0 01
18 0 6 020 0 10
18 0 7 020 0 11
18 0 8 020 0 12
18 0 10 020 0 21
18 0 13 020 0 001
18 0 15 020 0 010
18 0 16 020 0 011
18 0 17 020 0 012
18 0 19 020 0 021
18 0 21 020 0 100
18 0 22 020 0 101
18 0 23 020 0 102
18 0 24 020 0 110
18 0 26 020 0 112
18 0 27 020 0 120
18 0 28 020 0 121
18 0 31 020 0 201
18 0 33 020 0 210
18 0 34 020 0 211
18 3 1 020 00 1
18 3 4 020 00 01
18 3 6 020 00 10
18 3 8 020 00 12
18 3 10 020 00 21
18 3 13 020 00 001
18 3 15 020 00 010
18 3 17 020 00 012
18 3 19 020 00 021
18 3 21 020 00 100
18 3 23 020 00 102
18 3 27 020 00 120
18 3 29 020 00 122
18 3 31 020 00 201
18 3 33 020 00 210
18 3 35 020 00 212
18 3 37 020 00 221
18 4 1 020 01 1
18 4 7 020 01 11
18 4 13 020 01 001
18 4 15 020 01 010
18 4 16 020 01 011
18 4 17 020 01 012
18 4 19 020 01 021
18 4 21 020 01 100
18 4 22 020 01 101
18 4 23 020 01 102
18 4 24 020 01 110
18 4 27 020 01 120
18 4 31 020 01 201
18 4 33 020 01 210
18 5 1 020 02 1
18 5 17 020 02 012
18 5 19 020 02 021
18 5 23 020 02 102
18 5 27 020 02 120
18 5 31 020 02 201
18 5 33 020 02 210
18 6 1 020 10 1
18 6 7 020 10 11
18 6 13 020 10 001
18 6 15 020 10 010
18 6 16 020 10 011
18 6 17 020 10 012
18 6 19 020 10 021
18 6 21 020 10 100
18 6 22 020 10 101
18 6 23 020 10 102
18 6 24 020 10 110
18 6 27 020 10 120
18 6 31 020 10 201
18 6 33 020 10 210
18 9 1 020 20 1
18 9 17 020 20 012
18 9 19 020 20 021
18 9 23 020 20 102
18 9 27 020 20 120
18 9 31 020 20 201
18 9 33 020 20 210
18 13 1 020 001 1
18 13 4 020 001 01
18 13 6 020 001 10
18 15 1 020 010 1
18 15 4 020 010 01
18 15 6 020 010 10
18 16 7 020 011 11
18 21 1 020 100 1
18 21 4 020 100 01
18 21 6 020 100 10
18 22 7 020 101 11
18 24 7 020 110 11
19 0 1 021 0 1
19 0 4 021 0 01
19 0 5 021 0 02
19 0 6 021 0 10
19 0 9 021 0 20
19 0 16 021 0 011
19 0 22 021 0 101
19 0 24 021 0 110
19 0 26 021 0 112
19 0 28 021 0 121
19 0 34 021 0 211
19 2 0 021 2 0
19 2 3 021 2 00
19 2 5 021 2 02
19 2 9 021 2 20
19 2 14 021 2 002
19 2 18 021 2 020
19 2 20 021 2 022
19 2 30 021 2 200
19 2 32 021 2 202
19 2 36 021 2 220
19 3 1 021 00 1
19 3 4 021 00 01
19 3 6 021 00 10
19 3 26 021 00 112
19 3 28 021 00 121
19 3 34 021 00 211
19 4 0 021 01 0
19 4 1 021 01 1
19 4 7 021 01 11
19 4 8 021 01 12
19 4 10 021 01 21
19 4 16 021 01 011
19 4 22 021 01 101
19 4 24 021 01 110
19 4 26 021 01 112
19 4 28 021 01 121
19 4 34 021 01 211
19 5 0 021 02 0
19 5 3 021 02 00
19 5 8 021 02 12
19 5 10 021 02 21
19 5 14 021 02 002
19 5 18 021 02 020
19 5 20 021 02 022
19 5 30 021 02 200
19 5 32 021 02 202
19 5 36 021 02 220
19 6 0 021 10 0
19 6 1 021 10 1
19 6 7 021 10 11
19 6 8 021 10 12
19 6 10 021 10 21
19 6 16 021 10 011
19 6 22 021 10 101
19 6 24 021 10 110
19 6 26 021 10 112
19 6 28 021 10 121
19 6 34 021 10 211
19 8 4 021 12 01
19 8 5 021 12 02
19 8 6 021 12 10
19 8 9 021 12 20
19 8 14 021 12 002
19 8 18 021 12 020
19 8 20 021 12 022
19 8 30 021 12 200
19 8 32 021 12 202
19 8 36 021 12 220
19 9 0 021 20 0
19 9 3 021 20 00
19 9 8 021 20 12
19 9 10 021 20 21
19 9 14 021 20 002
19 9 18 021 20 020
19 9 20 021 20 022
19 9 30 021 20 200
19 9 32 021 20 202
19 9 36 021 20 220
19 10 4 021 21 01
19 10 5 021 21 02
19 10 6 021 21 10
19 10 9 021 21 20
19 10 14 021 21 002
19 10 18 021 21 020
19 10 20 021 21 022
19 10 30 021 21 200
19 10 32 021 21 202
19 10 36 021 21 220
19 11 5 021 22 02
19 11 9 021 22 20
19 11 20 021 22 022
19 11 32 021 22 202
19 11 36 021 22 220
19 13 1 021 001 1
19 13 4 021 001 01
19 13 6 021 001 10
19 13 8 021 001 12
19 13 10 021 001 21
19 15 1 021 010 1
19 15 4 021 010 01
19 15 6 021 010 10
19 15 8 021 010 12
19 15 10 021 010 21
19 16 1 021 011 1
19 16 4 021 011 01
19 16 6 021 011 10
19 16 7 021 011 11
19 16 8 021 011 12
19 16 10 021 011 21
19 20 0 021 022 0
19 20 5 021 022 02
19 20 9 021 022 20
19 21 1 021 100 1
19 21 4 021 100 01
19 21 6 021 100 10
19 21 8 021 100 12
19 21 10 021 100 21
19 22 1 021 101 1
19 22 4 021 101 01
19 22 6 021 101 10
19 22 7 021 101 11
19 22 8 021 101 12
19 22 10 021 101 21
19 24 1 021 110 1
19 24 4 021 110 01
19 24 6 021 110 10
19 24 7 021 110 11
19 24 8 021 110 12
19 24 10 021 110 21
19 29 0 021 122 0
19 29 3 021 122 00
19 29 5 021 122 02
19 29 9 021 122 20
19 32 0 021 202 0
19 32 5 021 202 02
19 32 9 021 202 20
19 35 0 021 212 0
19 35 3 021 212 00
19 35 5 021 212 02
19 35 9 021 212 20
19 36 0 021 220 0
19 36 5 021 220 02
19 36 9 021 220 20
19 37 0 021 221 0
19 37 3 021 221 00
19 37 5 021 221 02
19 37 9 021 221 20
20 0 4 022 0 01
20 0 6 022 0 10
20 0 17 022 0 012
20 0 19 022 0 021
20 0 23 022 0 102
20 0 27 022 0 120
20 0 29 022 0 122
20 0 31 022 0 201
20 0 33 022 0 210
20 0 35 022 0 212
20 0 37 022 0 221
20 4 16 022 01 011
20 4 17 022 01 012
20 4 19 022 01 021
20 4 22 022 01 101
20 4 23 022 01 102
20 4 24 022 01 110
20 4 27 022 01 120
20 4 31 022 01 201
20 4 33 022 01 210
20 5 1 022 02 1
20 5 7 022 02 11
20 5 8 022 02 12
20 5 10 022 02 21
20 5 17 022 02 012
20 5 19 022 02 021
20 5 23 022 02 102
20 5 26 022 02 112
20 5 27 022 02 120
20 5 28 022 02 121
20 5 29 022 02 122
20 5 31 022 02 201
20 5 33 022 02 210
20 5 34 022 02 211
20 5 35 022 02 212
20 5 37 022 02 221
20 6 16 022 10 011
20 6 17 022 10 012
20 6 19 022 10 021
20 6 22 022 10 101
20 6 23 022 10 102
20 6 24 022 10 110
20 6 27 022 10 120
20 6 31 022 10 201
20 6 33 022 10 210
20 9 1 022 20 1
20 9 7 022 20 11
20 9 8 022 20 12
20 9 10 022 20 21
20 9 17 022 20 012
20 9 19 022 20 021
20 9 23 022 20 102
20 9 26 022 20 112
20 9 27 022 20 120
20 9 28 022 20 121
20 9 29 022 20 122
20 9 31 022 20 201
20 9 33 022 20 210
20 9 34 022 20 211
20 9 35 022 20 212
20 9 37 022 20 221
20 13 4 022 001 01
20 13 6 022 001 10
20 15 4 022 010 01
20 15 6 022 010 10
20 16 1 022 011 1
20 17 1 022 012 1
20 17 7 022 012 11
20 17 8 022 012 12
20 17 10 022 012 21
20 19 1 022 021 1
20 19 7 022 021 11
20 19 8 022 021 12
20 19 10 022 021 21
20 21 4 022 100 01
20 21 6 022 100 10
20 22 1 022 101 1
20 23 1 022 102 1
20 23 7 022 102 11
20 23 8 022 102 12
20 23 10 022 102 21
20 24 1 022 110 1
20 27 1 022 120 1
20 27 7 022 120 11
20 27 8 022 120 12
20 27 10 022 120 21
20 31 1 022 201 1
20 31 7 022 201 11
20 31 8 022 201 12
20 31 10 022 201 21
20 33 1 022 210 1
20 33 7 022 210 11
20 33 8 022 210 12
20 33 10 022 210 21
21 2 0 100 2 0
21 2 3 100 2 00
21 2 4 100 2 01
21 2 5 100 2 02
21 2 6 100 2 10
21 2 9 100 2 20
21 2 14 100 2 002
21 2 18 100 2 020
21 2 30 100 2 200
21 5 0 100 02 0
21 5 3 100 02 00
21 5 14 100 02 002
21 5 18 100 02 020
21 5 30 100 02 200
21 8 0 100 12 0
21 8 3 100 12 00
21 9 0 100 20 0
21 9 3 100 20 00
21 9 14 100 20 002
21 9 18 100 20 020
21 9 30 100 20 200
21 10 0 100 21 0
21 10 3 100 21 00
21 11 0 100 22 0
21 11 5 100 22 02
21 11 9 100 22 20
21 11 20 100 22 022
21 11 32 100 22 202
21 11 36 100 22 220
21 14 0 100 002 0
21 14 3 100 002 00
21 14 5 100 002 02
21 14 9 100 002 20
21 17 0 100 012 0
21 17 3 100 012 00
21 17 4 100 012 01
21 17 5 100 012 02
21 17 6 100 012 10
21 17 9 100 012 20
21 18 0 100 020 0
21 18 3 100 020 00
21 18 5 100 020 02
21 18 9 100 020 20
21 19 0 100 021 0
21 19 3 100 021 00
21 19 4 100 021 01
21 19 5 100 021 02
21 19 6 100 021 10
21 19 9 100 021 20
21 20 0 100 022 0
21 20 5 100 022 02
21 20 9 100 022 20
21 23 0 100 102 0
21 23 3 100 102 00
21 23 4 100 102 01
21 23 5 100 102 02
21 23 6 100 102 10
21 23 9 100 102 20
21 26 3 100 112 00
21 27 0 100 120 0
21 27 3 100 120 00
21 27 4 100 120 01
21 27 5 100 120 02
21 27 6 100 120 10
21 27 9 100 120 20
21 28 3 100 121 00
21 29 0 100 122 0
21 30 0 100 200 0
21 30 3 100 200 00
21 30 5 100 200 02
21 30 9 100 200 20
21 31 0 100 201 0
21 31 3 100 201 00
21 31 4 100 201 01
21 31 5 100 201 02
21 31 6 100 201 10
21 31 9 100 201 20
21 32 0 100 202 0
21 32 5 100 202 02
21 32 9 100 202 20
21 33 0 100 210 0
21 33 3 100 210 00
21 33 4 100 210 01
21 33 5 100 210 02
21 33 6 100 210 10
21 33 9 100 210 20
21 34 3 100 211 00
21 35 0 100 212 0
21 36 0 100 220 0
21 36 5 100 220 02
21 36 9 100 220 20
21 37 0 100 221 0
22 2 4 101 2 01
22 2 6 101 2 10
22 2 17 101 2 012
22 2 19 101 2 021
22 2 20 101 2 022
22 2 23 101 2 102
22 2 27 101 2 120
22 2 31 101 2 201
22 2 32 101 2 202
22 2 33 101 2 210
22 2 36 101 2 220
22 5 0 101 02 0
22 5 14 101 02 002
22 5 18 101 02 020
22 5 30 101 02 200
22 8 4 101 12 01
22 8 6 101 12 10
22 8 17 101 12 012
22 8 19 101 12 021
22 8 23 101 12 102
22 8 27 101 12 120
22 8 31 101 12 201
22 8 33 101 12 210
22 9 0 101 20 0
22 9 14 101 20 002
22 9 18 101 20 020
22 9 30 101 20 200
22 10 4 101 21 01
22 10 6 101 21 10
22 10 17 101 21 012
22 10 19 101 21 021
22 10 23 101 21 102
22 10 27 101 21 120
22 10 31 101 21 201
22 10 33 101 21 210
22 11 4 101 22 01
22 11 6 101 22 10
22 11 17 101 22 012
22 11 19 101 22 021
22 11 23 101 22 102
22 11 27 101 22 120
22 11 31 101 22 201
22 11 33 101 22 210
22 17 0 101 012 0
22 17 4 101 012 01
22 17 5 101 012 02
22 17 6 101 012 10
22 17 9 101 012 20
22 19 0 101 021 0
22 19 4 101 021 01
22 19 5 101 021 02
22 19 6 101 021 10
22 19 9 101 021 20
22 20 5 101 022 02
22 20 9 101 022 20
22 23 0 101 102 0
22 23 4 101 102 01
22 23 5 101 102 02
22 23 6 101 102 10
22 23 9 101 102 20
22 26 0 101 112 0
22 26 4 101 112 01
22 26 6 101 112 10
22 27 0 101 120 0
22 27 4 101 120 01
22 27 5 101 120 02
22 27 6 101 120 10
22 27 9 101 120 20
22 28 0 101 121 0
22 28 4 101 121 01
22 28 6 101 121 10
22 29 4 101 122 01
22 29 6 101 122 10
22 31 0 101 201 0
22 31 4 101 201 01
22 31 5 101 201 02
22 31 6 101 201 10
22 31 9 101 201 20
22 32 5 101 202 02
22 32 9 101 202 20
22 33 0 101 210 0
22 33 4 101 210 01
22 33 5 101 210 02
22 33 6 101 210 10
22 33 9 101 210 20
22 34 0 101 211 0
22 34 4 101 211 01
22 34 6 101 211 10
22 35 4 101 212 01
22 35 6 101 212 10
22 36 5 101 220 02
22 36 9 101 220 20
22 37 4 101 221 01
22 37 6 101 221 10
23 0 1 102 0 1
23 0 4 102 0 01
23 0 5 102 0 02
23 0 6 102 0 10
23 0 9 102 0 20
23 0 16 102 0 011
23 0 22 102 0 101
23 0 24 102 0 110
23 0 26 102 0 112
23 0 28 102 0 121
23 0 34 102 0 211
23 2 0 102 2 0
23 2 3 102 2 00
23 2 5 102 2 02
23 2 9 102 2 20
23 2 14 102 2 002
23 2 18 102 2 020
23 2 20 102 2 022
23 2 30 102 2 200
23 2 32 102 2 202
23 2 36 102 2 220
23 3 1 102 00 1
23 3 4 102 00 01
23 3 6 102 00 10
23 3 26 102 00 112
23 3 28 102 00 121
23 3 34 102 00 211
23 4 0 102 01 0
23 4 1 102 01 1
23 4 7 102 01 11
23 4 8 102 01 12
23 4 10 102 01 21
23 4 16 102 01 011
23 4 22 102 01 101
23 4 24 102 01 110
23 4 26 102 01 112
23 4 28 102 01 121
23 4 34 102 01 211
23 5 0 102 02 0
23 5 3 102 02 00
23 5 8 102 02 12
23 5 10 102 02 21
23 5 14 102 02 002
23 5 18 102 02 020
23 5 20 102 02 022
23 5 30 102 02 200
23 5 32 102 02 202
23 5 36 102 02 220
23 6 0 102 10 0
23 6 1 102 10 1
23 6 7 102 10 11
23 6 8 102 10 12
23 6 10 102 10 21
23 6 16 102 10 011
23 6 22 102 10 101
23 6 24 102 10 110
23 6 26 102 10 112
23 6 28 102 10 121
23 6 34 102 10 211
23 8 4 102 12 01
23 8 5 102 12 02
23 8 6 102 12 10
23 8 9 102 12 20
23 8 14 102 12 002
23 8 18 102 12 020
23 8 20 102 12 022
23 8 30 102 12 200
23 8 32 102 12 202
23 8 36 102 12 220
23 9 0 102 20 0
23 9 3 102 20 00
23 9 8 102 20 12
23 9 10 102 20 21
23 9 14 102 20 002
23 9 18 102 20 020
23 9 20 102 20 022
23 9 30 102 20 200
23 9 32 102 20 202
23 9 36 102 20 220
23 10 4 102 21 01
23 10 5 102 21 02
23 10 6 102 21 10
23 10 9 102 21 20
23 10 14 102 21 002
23 10 18 102 21 020
23 10 20 102 21 022
23 10 30 102 21 200
23 10 32 102 21 202
23 10 36 102 21 220
23 11 5 102 22 02
23 11 9 102 22 20
23 11 20 102 22 022
23 11 32 102 22 202
23 11 36 102 22 220
23 13 1 102 001 1
23 13 4 102 001 01
23 13 6 102 001 10
23 13 8 102 001 12
23 13 10 102 001 21
23 15 1 102 010 1
23 15 4 102 010 01
23 15 6 102 010 10
23 15 8 102 010 12
23 15 10 102 010 21
23 16 1 102 011 1
23 16 4 102 011 01
23 16 6 102 011 10
23 16 7 102 011 11
23 16 8 102 011 12
23 16 10 102 011 21
23 20 0 102 022 0
23 20 5 102 022 02
23 20 9 102 022 20
23 21 1 102 100 1
23 21 4 102 100 01
23 21 6 102 100 10
23 21 8 102 100 12
23 21 10 102 100 21
23 22 1 102 101 1
23 22 4 102 101 01
23 22 6 102 101 10
23 22 7 102 101 11
23 22 8 102 101 12
23 22 10 102 101 21
23 24 1 102 110 1
23 24 4 102 110 01
23 24 6 102 110 10
23 24 7 102 110 11
23 24 8 102 110 12
23 24 10 102 110 21
23 29 0 102 122 0
23 29 3 102 122 00
23 29 5 102 122 02
23 29 9 102 122 20
23 32 0 102 202 0
23 32 5 102 202 02
23 32 9 102 202 20
23 35 0 102 212 0
23 35 3 102 212 00
23 35 5 102 212 02
23 35 9 102 212 20
23 36 0 102 220 0
23 36 5 102 220 02
23 36 9 102 220 20
23 37 0 102 221 0
23 37 3 102 221 00
23 37 5 102 221 02
23 37 9 102 221 20
24 2 4 110 2 01
24 2 6 110 2 10
24 2 17 110 2 012
24 2 19 110 2 021
24 2 20 110 2 022
24 2 23 110 2 102
24 2 27 110 2 120
24 2 31 110 2 201
24 2 32 110 2 202
24 2 33 110 2 210
24 2 36 110 2 220
24 5 0 110 02 0
24 5 14 110 02 002
24 5 18 110 02 020
24 5 30 110 02 200
24 8 4 110 12 01
24 8 6 110 12 10
24 8 17 110 12 012
24 8 19 110 12 021
24 8 23 110 12 102
24 8 27 110 12 120
24 8 31 110 12 201
24 8 33 110 12 210
24 9 0 110 20 0
24 9 14 110 20 002
24 9 18 110 20 020
24 9 30 110 20 200
24 10 4 110 21 01
24 10 6 110 21 10
24 10 17 110 21 012
24 10 19 110 21 021
24 10 23 110 21 102
24 10 27 110 21 120
24 10 31 110 21 201
24 10 33 110 21 210
24 11 4 110 22 01
24 11 6 110 22 10
24 11 17 110 22 012
24 11 19 110 22 021
24 11 23 110 22 102
24 11 27 110 22 120
24 11 31 110 22 201
24 11 33 110 22 210
24 17 0 110 012 0
24 17 4 110 012 01
24 17 5 110 012 02
24 17 6 110 012 10
24 17 9 110 012 20
24 19 0 110 021 0
24 19 4 110 021 01
24 19 5 110 021 02
24 19 6 110 021 10
24 19 9 110 021 20
24 20 5 110 022 02
24 20 9 110 022 20
24 23 0 110 102 0
24 23 4 110 102 01
24 23 5 110 102 02
24 23 6 110 102 10
24 23 9 110 102 20
24 26 0 110 112 0
24 26 4 110 112 01
24 26 6 110 112 10
24 27 0 110 120 0
24 27 4 110 120 01
24 27 5 110 120 02
24 27 6 110 120 10
24 27 9 110 120 20
24 28 0 110 121 0
24 28 4 110 121 01
24 28 6 110 121 10
24 29 4 110 122 01
24 29 6 110 122 10
24 31 0 110 201 0
24 31 4 110 201 01
24 31 5 110 201 02
24 31 6 110 201 10
24 31 9 110 201 20
24 32 5 110 202 02
24 32 9 110 202 20
24 33 0 110 210 0
24 33 4 110 210 01
24 33 5 110 210 02
24 33 6 110 210 10
24 33 9 110 210 20
24 34 0 110 211 0
24 34 4 110 211 01
24 34 6 110 211 10
24 35 4 110 212 01
24 35 6 110 212 10
24 36 5 110 220 02
24 36 9 110 220 20
24 37 4 110 221 01
24 37 6 110 221 10
26 2 17 112 2 012
26 2 19 112 2 021
26 2 20 112 2 022
26 2 23 112 2 102
26 2 27 112 2 120
26 2 31 112 2 201
26 2 32 112 2 202
26 2 33 112 2 210
26 2 36 112 2 220
26 4 1 112 01 1
26 4 7 112 01 11
26 4 8 112 01 12
26 4 10 112 01 21
26 6 1 112 10 1
26 6 7 112 10 11
26 6 8 112 10 12
26 6 10 112 10 21
26 8 0 112 12 0
26 8 3 112 12 00
26 8 4 112 12 01
26 8 5 112 12 02
26 8 6 112 12 10
26 8 9 112 12 20
26 8 13 112 12 001
26 8 14 112 12 002
26 8 15 112 12 010
26 8 17 112 12 012
26 8 18 112 12 020
26 8 19 112 12 021
26 8 20 112 12 022
26 8 21 112 12 100
26 8 23 112 12 102
26 8 27 112 12 120
26 8 30 112 12 200
26 8 31 112 12 201
26 8 32 112 12 202
26 8 33 112 12 210
26 8 36 112 12 220
26 10 0 112 21 0
26 10 3 112 21 00
26 10 4 112 21 01
26 10 5 112 21 02
26 10 6 112 21 10
26 10 9 112 21 20
26 10 13 112 21 001
26 10 14 112 21 002
26 10 15 112 21 010
26 10 17 112 21 012
26 10 18 112 21 020
26 10 19 112 21 021
26 10 20 112 21 022
26 10 21 112 21 100
26 10 23 112 21 102
26 10 27 112 21 120
26 10 30 112 21 200
26 10 31 112 21 201
26 10 32 112 21 202
26 10 33 112 21 210
26 10 36 112 21 220
26 16 1 112 011 1
26 16 7 112 011 11
26 16 8 112 011 12
26 16 10 112 011 21
26 20 5 112 022 02
26 20 9 112 022 20
26 22 1 112 101 1
26 22 7 112 101 11
26 22 8 112 101 12
26 22 10 112 101 21
26 24 1 112 110 1
26 24 7 112 110 11
26 24 8 112 110 12
26 24 10 112 110 21
26 32 5 112 202 02
26 32 9 112 202 20
26 36 5 112 220 02
26 36 9 112 220 20
27 0 1 120 0 1
27 0 4 120 0 01
27 0 5 120 0 02
27 0 6 120 0 10
27 0 9 120 0 20
27 0 16 120 0 011
27 0 22 120 0 101
27 0 24 120 0 110
27 0 26 120 0 112
27 0 28 120 0 121
27 0 34 120 0 211
27 2 0 120 2 0
27 2 3 120 2 00
27 2 5 120 2 02
27 2 9 120 2 20
27 2 14 120 2 002
27 2 18 120 2 020
27 2 20 120 2 022
27 2 30 120 2 200
27 2 32 120 2 202
27 2 36 120 2 220
27 3 1 120 00 1
27 3 4 120 00 01
27 3 6 120 00 10
27 3 26 120 00 112
27 3 28 120 00 121
27 3 34 120 00 211
27 4 0 120 01 0
27 4 1 120 01 1
27 4 7 120 01 11
27 4 8 120 01 12
27 4 10 120 01 21
27 4 16 120 01 011
27 4 22 120 01 101
27 4 24 120 01 110
27 4 26 120 01 112
27 4 28 120 01 121
27 4 34 120 01 211
27 5 0 120 02 0
27 5 3 120 02 00
27 5 8 120 02 12
27 5 10 120 02 21
27 5 14 120 02 002
27 5 18 120 02 020
27 5 20 120 02 022
27 5 30 120 02 200
27 5 32 120 02 202
27 5 36 120 02 220
27 6 0 120 10 0
27 6 1 120 10 1
27 6 7 120 10 11
27 6 8 120 10 12
27 6 10 120 10 21
27 6 16 120 10 011
27 6 22 120 10 101
27 6 24 120 10 110
27 6 26 120 10 112
27 6 28 120 10 121
27 6 34 120 10 211
27 8 4 120 12 01
27 8 5 120 12 02
27 8 6 120 12 10
27 8 9 120 12 20
27 8 14 120 12 002
27 8 18 120 12 020
27 8 20 120 12 022
27 8 30 120 12 200
27 8 32 120 12 202
27 8 36 120 12 220
27 9 0 120 20 0
27 9 3 120 20 00
27 9 8 120 20 12
27 9 10 120 20 21
27 9 14 120 20 002
27 9 18 120 20 020
27 9 20 120 20 022
27 9 30 120 20 200
27 9 32 120 20 202
27 9 36 120 20 220
27 10 4 120 21 01
27 10 5 120 21 02
27 10 6 120 21 10
27 10 9 120 21 20
27 10 14 120 21 002
27 10 18 120 21 020
27 10 20 120 21 022
27 10 30 120 21 200
27 10 32 120 21 202
27 10 36 120 21 220
27 11 5 120 22 02
27 11 9 120 22 20
27 11 20 120 22 022
27 11 32 120 22 202
27 11 36 120 22 220
27 13 1 120 001 1
27 13 4 120 001 01
27 13 6 120 001 10
27 13 8 120 001 12
27 13 10 120 001 21
27 15 1 120 010 1
27 15 4 120 010 01
27 15 6 120 010 10
27 15 8 120 010 12
27 15 10 120 010 21
27 16 1 120 011 1
27 16 4 120 011 01
27 16 6 120 011 10
27 16 7 120 011 11
27 16 8 120 011 12
27 16 10 120 011 21
27 20 0 120 022 0
27 20 5 120 022 02
27 20 9 120 022 20
27 21 1 120 100 1
27 21 4 120 100 01
27 21 6 120 100 10
27 21 8 120 100 12
27 21 10 120 100 21
27 22 1 120 101 1
27 22 4 120 101 01
27 22 6 120 101 10
27 22 7 120 101 11
27 22 8 120 101 12
27 22 10 120 101 21
27 24 1 120 110 1
27 24 4 120 110 01
27 24 6 120 110 10
27 24 7 120 110 11
27 24 8 120 110 12
27 24 10 120 110 21
27 29 0 120 122 0
27 29 3 120 122 00
27 29 5 120 122 02
27 29 9 120 122 20
27 32 0 120 202 0
27 32 5 120 202 02
27 32 9 120 202 20
27 35 0 120 212 0
27 35 3 120 212 00
27 35 5 120 212 02
27 35 9 120 212 20
27 36 0 120 220 0
27 36 5 120 220 02
27 36 9 120 220 20
27 37 0 120 221 0
27 37 3 120 221 00
27 37 5 120 221 02
27 37 9 120 221 20
28 2 17 121 2 012
28 2 19 121 2 021
28 2 20 121 2 022
28 2 23 121 2 102
28 2 27 121 2 120
28 2 31 121 2 201
28 2 32 121 2 202
28 2 33 121 2 210
28 2 36 121 2 220
28 4 1 121 01 1
28 4 7 121 01 11
28 4 8 121 01 12
28 4 10 121 01 21
28 6 1 121 10 1
28 6 7 121 10 11
28 6 8 121 10 12
28 6 10 121 10 21
28 8 0 121 12 0
28 8 3 121 12 00
28 8 4 121 12 01
28 8 5 121 12 02
28 8 6 121 12 10
28 8 9 121 12 20
28 8 13 121 12 001
28 8 14 121 12 002
28 8 15 121 12 010
28 8 17 121 12 012
28 8 18 121 12 020
28 8 19 121 12 021
28 8 20 121 12 022
28 8 21 121 12 100
28 8 23 121 12 102
28 8 27 121 12 120
28 8 30 121 12 200
28 8 31 121 12 201
28 8 32 121 12 202
28 8 33 121 12 210
28 8 36 121 12 220
28 10 0 121 21 0
28 10 3 121 21 00
28 10 4 121 21 01
28 10 5 121 21 02
28 10 6 121 21 10
28 10 9 121 21 20
28 10 13 121 21 001
28 10 14 121 21 002
28 10 15 121 21 010
28 10 17 121 21 012
28 10 18 121 21 020
28 10 19 121 21 021
28 10 20 121 21 022
28 10 21 121 21 100
28 10 23 121 21 102
28 10 27 121 21 120
28 10 30 121 21 200
28 10 31 121 21 201
28 10 32 121 21 202
28 10 33 121 21 210
28 10 36 121 21 220
28 16 1 121 011 1
28 16 7 121 011 11
28 16 8 121 011 12
28 16 10 121 011 21
28 20 5 121 022 02
28 20 9 121 022 20
28 22 1 121 101 1
28 22 7 121 101 11
28 22 8 121 101 12
28 22 10 121 101 21
28 24 1 121 110 1
28 24 7 121 110 11
28 24 8 121 110 12
28 24 10 121 110 21
28 32 5 121 202 02
28 32 9 121 202 20
28 36 5 121 220 02
28 36 9 121 220 20
29 0 8 122 0 12
29 0 10 122 0 21
29 2 5 122 2 02
29 2 9 122 2 20
29 2 20 122 2 022
29 2 32 122 2 202
29 2 36 122 2 220
29 3 8 122 00 12
29 3 10 122 00 21
29 4 8 122 01 12
29 4 10 122 01 21
29 4 16 122 01 011
29 4 22 122 01 101
29 4 24 122 01 110
29 5 8 122 02 12
29 5 10 122 02 21
29 6 8 122 10 12
29 6 10 122 10 21
29 6 16 122 10 011
29 6 22 122 10 101
29 6 24 122 10 110
29 8 5 122 12 02
29 8 9 122 12 20
29 8 20 122 12 022
29 8 32 122 12 202
29 8 36 122 12 220
29 9 8 122 20 12
29 9 10 122 20 21
29 10 5 122 21 02
29 10 9 122 21 20
29 10 20 122 21 022
29 10 32 122 21 202
29 10 36 122 21 220
29 11 5 122 22 02
29 11 9 122 22 20
29 11 20 122 22 022
29 11 32 122 22 202
29 11 36 122 22 220
29 13 8 122 001 12
29 13 10 122 001 21
29 14 8 122 002 12
29 14 10 122 002 21
29 15 8 122 010 12
29 15 10 122 010 21
29 16 1 122 011 1
29 16 8 122 011 12
29 16 10 122 011 21
29 17 1 122 012 1
29 17 8 122 012 12
29 17 10 122 012 21
29 18 8 122 020 12
29 18 10 122 020 21
29 19 1 122 021 1
29 19 8 122 021 12
29 19 10 122 021 21
29 21 8 122 100 12
29 21 10 122 100 21
29 22 1 122 101 1
29 22 8 122 101 12
29 22 10 122 101 21
29 23 1 122 102 1
29 23 8 122 102 12
29 23 10 122 102 21
29 24 1 122 110 1
29 24 8 122 110 12
29 24 10 122 110 21
29 27 1 122 120 1
29 27 8 122 120 12
29 27 10 122 120 21
29 30 8 122 200 12
29 30 10 122 200 21
29 31 1 122 201 1
29 31 8 122 201 12
29 31 10 122 201 21
29 33 1 122 210 1
29 33 8 122 210 12
29 33 10 122 210 21
30 0 1 200 0 1
30 0 4 200 0 01
30 0 6 200 0 10
30 0 7 200 0 11
30 0 8 200 0 12
30 0 10 200 0 21
30 0 13 200 0 001
30 0 15 200 0 010
30 0 16 200 0 011
30 0 17 200 0 012
30 0 19 200 0 021
30 0 21 200 0 100
30 0 22 200 0 101
30 0 23 200 0 102
30 0 24 200 0 110
30 0 26 200 0 112
30 0 27 200 0 120
30 0 28 200 0 121
30 0 31 200 0 201
30 0 33 200 0 210
30 0 34 200 0 211
30 3 1 200 00 1
30 3 4 200 00 01
30 3 6 200 00 10
30 3 8 200 00 12
30 3 10 200 00 21
30 3 13 200 00 001
30 3 15 200 00 010
30 3 17 200 00 012
30 3 19 200 00 021
30 3 21 200 00 100
30 3 23 200 00 102
30 3 27 200 00 120
30 3 29 200 00 122
30 3 31 200 00 201
30 3 33 200 00 210
30 3 35 200 00 212
30 3 37 200 00 221
30 4 1 200 01 1
30 4 7 200 01 11
30 4 13 200 01 001
30 4 15 200 01 010
30 4 16 200 01 011
30 4 17 200 01 012
30 4 19 200 01 021
30 4 21 200 01 100
30 4 22 200 01 101
30 4 23 200 01 102
30 4 24 200 01 110
30 4 27 200 01 120
30 4 31 200 01 201
30 4 33 200 01 210
30 5 1 200 02 1
30 5 17 200 02 012
30 5 19 200 02 021
30 5 23 200 02 102
30 5 27 200 02 120
30 5 31 200 02 201
30 5 33 200 02 210
30 6 1 200 10 1
30 6 7 200 10 11
30 6 13 200 10 001
30 6 15 200 10 010
30 6 16 200 10 011
30 6 17 200 10 012
30 6 19 200 10 021
30 6 21 200 10 100
30 6 22 200 10 101
30 6 23 200 10 102
30 6 24 200 10 110
30 6 27 200 10 120
30 6 31 200 10 201
30 6 33 200 10 210
30 9 1 200 20 1
30 9 17 200 20 012
30 9 19 200 20 021
30 9 23 200 20 102
30 9 27 200 20 120
30 9 31 200 20 201
30 9 33 200 20 210
30 13 1 200 001 1
30 13 4 200 001 01
30 13 6 200 001 10
30 15 1 200 010 1
30 15 4 200 010 01
30 15 6 200 010 10
30 16 7 200 011 11
30 21 1 200 100 1
30 21 4 200 100 01
30 21 6 200 100 10
30 22 7 200 101 11
30 24 7 200 110 11
31 0 1 201 0 1
31 0 4 201 0 01
31 0 5 201 0 02
31 0 6 201 0 10
31 0 9 201 0 20
31 0 16 201 0 011
31 0 22 201 0 101
31 0 24 201 0 110
31 0 26 201 0 112
31 0 28 201 0 121
31 0 34 201 0 211
31 2 0 201 2 0
31 2 3 201 2 00
31 2 5 201 2 02
31 2 9 201 2 20
31 2 14 201 2 002
31 2 18 201 2 020
31 2 20 201 2 022
31 2 30 201 2 200
31 2 32 201 2 202
31 2 36 201 2 220
31 3 1 201 00 1
31 3 4 201 00 01
31 3 6 201 00 10
31 3 26 201 00 112
31 3 28 201 00 121
31 3 34 201 00 211
31 4 0 201 01 0
31 4 1 201 01 1
31 4 7 201 01 11
31 4 8 201 01 12
31 4 10 201 01 21
31 4 16 201 01 011
31 4 22 201 01 101
31 4 24 201 01 110
31 4 26 201 01 112
31 4 28 201 01 121
31 4 34 201 01 211
31 5 0 201 02 0
31 5 3 201 02 00
31 5 8 201 02 12
31 5 10 201 02 21
31 5 14 201 02 002
31 5 18 201 02 020
31 5 20 201 02 022
31 5 30 201 02 200
31 5 32 201 02 202
31 5 36 201 02 220
31 6 0 201 10 0
31 6 1 201 10 1
31 6 7 201 10 11
31 6 8 201 10 12
31 6 10 201 10 21
31 6 16 201 10 011
31 6 22 201 10 101
31 6 24 201 10 110
31 6 26 201 10 112
31 6 28 201 10 121
31 6 34 201 10 211
31 8 4 201 12 01
31 8 5 201 12 02
31 8 6 201 12 10
31 8 9 201 12 20
31 8 14 201 12 002
31 8 18 201 12 020
31 8 20 201 12 022
31 8 30 201 12 200
31 8 32 201 12 202
31 8 36 201 12 220
31 9 0 201 20 0
31 9 3 201 20 00
31 9 8 201 20 12
31 9 10 201 20 21
31 9 14 201 20 002
31 9 18 201 20 020
31 9 20 201 20 022
31 9 30 201 20 200
31 9 32 201 20 202
31 9 36 201 20 220
31 10 4 201 21 01
31 10 5 201 21 02
31 10 6 201 21 10
31 10 9 201 21 20
31 10 14 201 21 002
31 10 18 201 21 020
31 10 20 201 21 022
31 10 30 201 21 200
31 10 32 201 21 202
31 10 36 201 21 220
31 11 5 201 22 02
31 11 9 201 22 20
31 11 20 201 22 022
31 11 32 201 22 202
31 11 36 201 22 220
31 13 1 201 001 1
31 13 4 201 001 01
31 13 6 201 001 10
31 13 8 201 001 12
31 13 10 201 001 21
31 15 1 201 010 1
31 15 4 201 010 01
31 15 6 201 010 10
31 15 8 201 010 12
31 15 10 201 010 21
31 16 1 201 011 1
31 16 4 201 011 01
31 16 6 201 011 10
31 16 7 201 011 11
31 16 8 201 011 12
31 16 10 201 011 21
31 20 0 201 022 0
31 20 5 201 022 02
31 20 9 201 022 20
31 21 1 201 100 1
31 21 4 201 100 01
31 21 6 201 100 10
31 21 8 201 100 12
31 21 10 201 100 21
31 22 1 201 101 1
31 22 4 201 101 01
31 22 6 201 101 10
31 22 7 201 101 11
31 22 8 201 101 12
31 22 10 201 101 21
31 24 1 201 110 1
31 24 4 201 110 01
31 24 6 201 110 10
31 24 7 201 110 11
31 24 8 201 110 12
31 24 10 201 110 21
31 29 0 201 122 0
31 29 3 201 122 00
31 29 5 201 122 02
31 29 9 201 122 20
31 32 0 201 202 0
31 32 5 201 202 02
31 32 9 201 202 20
31 35 0 201 212 0
31 35 3 201 212 00
31 35 5 201 212 02
31 35 9 201 212 20
31 36 0 201 220 0
31 36 5 201 220 02
31 36 9 201 220 20
31 37 0 201 221 0
31 37 3 201 221 00
31 37 5 201 221 02
31 37 9 201 221 20
32 0 4 202 0 01
32 0 6 202 0 10
32 0 17 202 0 012
32 0 19 202 0 021
32 0 23 202 0 102
32 0 27 202 0 120
32 0 29 202 0 122
32 0 31 202 0 201
32 0 33 202 0 210
32 0 35 202 0 212
32 0 37 202 0 221
32 4 16 202 01 011
32 4 17 202 01 012
32 4 19 202 01 021
32 4 22 202 01 101
32 4 23 202 01 102
32 4 24 202 01 110
32 4 27 202 01 120
32 4 31 202 01 201
32 4 33 202 01 210
32 5 1 202 02 1
32 5 7 202 02 11
32 5 8 202 02 12
32 5 10 202 02 21
32 5 17 202 02 012
32 5 19 202 02 021
32 5 23 202 02 102
32 5 26 202 02 112
32 5 27 202 02 120
32 5 28 202 02 121
32 5 29 202 02 122
32 5 31 202 02 201
32 5 33 202 02 210
32 5 34 202 02 211
32 5 35 202 02 212
32 5 37 202 02 221
32 6 16 202 10 011
32 6 17 202 10 012
32 6 19 202 10 021
32 6 22 202 10 101
32 6 23 202 10 102
32 6 24 202 10 110
32 6 27 202 10 120
32 6 31 202 10 201
32 6 33 202 10 210
32 9 1 202 20 1
32 9 7 202 20 11
32 9 8 202 20 12
32 9 10 202 20 21
32 9 17 202 20 012
32 9 19 202 20 021
32 9 23 202 20 102
32 9 26 202 20 112
32 9 27 202 20 120
32 9 28 202 20 121
32 9 29 202 20 122
32 9 31 202 20 201
32 9 33 202 20 210
32 9 34 202 20 211
32 9 35 202 20 212
32 9 37 202 20 221
32 13 4 202 001 01
32 13 6 202 001 10
32 15 4 202 010 01
32 15 6 202 010 10
32 16 1 202 011 1
32 17 1 202 012 1
32 17 7 202 012 11
32 17 8 202 012 12
32 17 10 202 012 21
32 19 1 202 021 1
32 19 7 202 021 11
32 19 8 202 021 12
32 19 10 202 021 21
32 21 4 202 100 01
32 21 6 202 100 10
32 22 1 202 101 1
32 23 1 202 102 1
32 23 7 202 102 11
32 23 8 202 102 12
32 23 10 202 102 21
32 24 1 202 110 1
32 27 1 202 120 1
32 27 7 202 120 11
32 27 8 202 120 12
32 27 10 202 120 21
32 31 1 202 201 1
32 31 7 202 201 11
32 31 8 202 201 12
32 31 10 202 201 21
32 33 1 202 210 1
32 33 7 202 210 11
32 33 8 202 210 12
32 33 10 202 210 21
33 0 1 210 0 1
33 0 4 210 0 01
33 0 5 210 0 02
33 0 6 210 0 10
33 0 9 210 0 20
33 0 16 210 0 011
33 0 22 210 0 101
33 0 24 210 0 110
33 0 26 210 0 112
33 0 28 210 0 121
33 0 34 210 0 211
33 2 0 210 2 0
33 2 3 210 2 00
33 2 5 210 2 02
33 2 9 210 2 20
33 2 14 210 2 002
33 2 18 210 2 020
33 2 20 210 2 022
33 2 30 210 2 200
33 2 32 210 2 202
33 2 36 210 2 220
33 3 1 210 00 1
33 3 4 210 00 01
33 3 6 210 00 10
33 3 26 210 00 112
33 3 28 210 00 121
33 3 34 210 00 211
33 4 0 210 01 0
33 4 1 210 01 1
33 4 7 210 01 11
33 4 8 210 01 12
33 4 10 210 01 21
33 4 16 210 01 011
33 4 22 210 01 101
33 4 24 210 01 110
33 4 26 210 01 112
33 4 28 210 01 121
33 4 34 210 01 211
33 5 0 210 02 0
33 5 3 210 02 00
33 5 8 210 02 12
33 5 10 210 02 21
33 5 14 210 02 002
33 5 18 210 02 020
33 5 20 210 02 022
33 5 30 210 02 200
33 5 32 210 02 202
33 5 36 210 02 220
33 6 0 210 10 0
33 6 1 210 10 1
33 6 7 210 10 11
33 6 8 210 10 12
33 6 10 210 10 21
33 6 16 210 10 011
33 6 22 210 10 101
33 6 24 210 10 110
33 6 26 210 10 112
33 6 28 210 10 121
33 6 34 210 10 211
33 8 4 210 12 01
33 8 5 210 12 02
33 8 6 210 12 10
33 8 9 210 12 20
33 8 14 210 12 002
33 8 18 210 12 020
33 8 20 210 12 022
33 8 30 210 12 200
33 8 32 210 12 202
33 8 36 210 12 220
33 9 0 210 20 0
33 9 3 210 20 00
33 9 8 210 20 12
33 9 10 210 20 21
33 9 14 210 20 002
33 9 18 210 20 020
33 9 20 210 20 022
33 9 30 210 20 200
33 9 32 210 20 202
33 9 36 210 20 220
33 10 4 210 21 01
33 10 5 210 21 02
33 10 6 210 21 10
33 10 9 210 21 20
33 10 14 210 21 002
33 10 18 210 21 020
33 10 20 210 21 022
33 10 30 210 21 200
33 10 32 210 21 202
33 10 36 210 21 220
33 11 5 210 22 02
33 11 9 210 22 20
33 11 20 210 22 022
33 11 32 210 22 202
33 11 36 210 22 220
33 13 1 210 001 1
33 13 4 210 001 01
33 13 6 210 001 10
33 13 8 210 001 12
33 13 10 210 001 21
33 15 1 210 010 1
33 15 4 210 010 01
33 15 6 210 010 10
33 15 8 210 010 12
33 15 10 210 010 21
33 16 1 210 011 1
33 16 4 210 011 01
33 16 6 210 011 10
33 16 7 210 011 11
33 16 8 210 011 12
33 16 10 210 011 21
33 20 0 210 022 0
33 20 5 210 022 02
33 20 9 210 022 20
33 21 1 210 100 1
33 21 4 210 100 01
33 21 6 210 100 10
33 21 8 210 100 12
33 21 10 210 100 21
33 22 1 210 101 1
33 22 4 210 101 01
33 22 6 210 101 10
33 22 7 210 101 11
33 22 8 210 101 12
33 22 10 210 101 21
33 24 1 210 110 1
33 24 4 210 110 01
33 24 6 210 110 10
33 24 7 210 110 11
33 24 8 210 110 12
33 24 10 210 110 21
33 29 0 210 122 0
33 29 3 210 122 00
33 29 5 210 122 02
33 29 9 210 122 20
33 32 0 210 202 0
33 32 5 210 202 02
33 32 9 210 202 20
33 35 0 210 212 0
33 35 3 210 212 00
33 35 5 210 212 02
33 35 9 210 212 20
33 36 0 210 220 0
33 36 5 210 220 02
33 36 9 210 220 20
33 37 0 210 221 0
33 37 3 210 221 00
33 37 5 210 221 02
33 37 9 210 221 20
34 2 17 211 2 012
34 2 19 211 2 021
34 2 20 211 2 022
34 2 23 211 2 102
34 2 27 211 2 120
34 2 31 211 2 201
34 2 32 211 2 202
34 2 33 211 2 210
34 2 36 211 2 220
34 4 1 211 01 1
34 4 7 211 01 11
34 4 8 211 01 12
34 4 10 211 01 21
34 6 1 211 10 1
34 6 7 211 10 11
34 6 8 211 10 12
34 6 10 211 10 21
34 8 0 211 12 0
34 8 3 211 12 00
34 8 4 211 12 01
34 8 5 211 12 02
34 8 6 211 12 10
34 8 9 211 12 20
34 8 13 211 12 001
34 8 14 211 12 002
34 8 15 211 12 010
34 8 17 211 12 012
34 8 18 211 12 020
34 8 19 211 12 021
34 8 20 211 12 022
34 8 21 211 12 100
34 8 23 211 12 102
34 8 27 211 12 120
34 8 30 211 12 200
34 8 31 211 12 201
34 8 32 211 12 202
34 8 33 211 12 210
34 8 36 211 12 220
34 10 0 211 21 0
34 10 3 211 21 00
34 10 4 211 21 01
34 10 5 211 21 02
34 10 6 211 21 10
34 10 9 211 21 20
34 10 13 211 21 001
34 10 14 211 21 002
34 10 15 211 21 010
34 10 17 211 21 012
34 10 18 211 21 020
34 10 19 211 21 021
34 10 20 211 21 022
34 10 21 211 21 100
34 10 23 211 21 102
34 10 27 211 21 120
34 10 30 211 21 200
34 10 31 211 21 201
34 10 32 211 21 202
34 10 33 211 21 210
34 10 36 211 21 220
34 16 1 211 011 1
34 16 7 211 011 11
34 16 8 211 011 12
34 16 10 211 011 21
34 20 5 211 022 02
34 20 9 211 022 20
34 22 1 211 101 1
34 22 7 211 101 11
34 22 8 211 101 12
34 22 10 211 101 21
34 24 1 211 110 1
34 24 7 211 110 11
34 24 8 211 110 12
34 24 10 211 110 21
34 32 5 211 202 02
34 32 9 211 202 20
34 36 5 211 220 02
34 36 9 211 220 20
35 0 8 212 0 12
35 0 10 212 0 21
35 2 5 212 2 02
35 2 9 212 2 20
35 2 20 212 2 022
35 2 32 212 2 202
35 2 36 212 2 220
35 3 8 212 00 12
35 3 10 212 00 21
35 4 8 212 01 12
35 4 10 212 01 21
35 4 16 212 01 011
35 4 22 212 01 101
35 4 24 212 01 110
35 5 8 212 02 12
35 5 10 212 02 21
35 6 8 212 10 12
35 6 10 212 10 21
35 6 16 212 10 011
35 6 22 212 10 101
35 6 24 212 10 110
35 8 5 212 12 02
35 8 9 212 12 20
35 8 20 212 12 022
35 8 32 212 12 202
35 8 36 212 12 220
35 9 8 212 20 12
35 9 10 212 20 21
35 10 5 212 21 02
35 10 9 212 21 20
35 10 20 212 21 022
35 10 32 212 21 202
35 10 36 212 21 220
35 11 5 212 22 02
35 11 9 212 22 20
35 11 20 212 22 022
35 11 32 212 22 202
35 11 36 212 22 220
35 13 8 212 001 12
35 13 10 212 001 21
35 14 8 212 002 12
35 14 10 212 002 21
35 15 8 212 010 12
35 15 10 212 010 21
35 16 1 212 011 1
35 16 8 212 011 12
35 16 10 212 011 21
35 17 1 212 012 1
35 17 8 212 012 12
35 17 10 212 012 21
35 18 8 212 020 12
35 18 10 212 020 21
35 19 1 212 021 1
35 19 8 212 021 12
35 19 10 212 021 21
35 21 8 212 100 12
35 21 10 212 100 21
35 22 1 212 101 1
35 22 8 212 101 12
35 22 10 212 101 21
35 23 1 212 102 1
35 23 8 212 102 12
35 23 10 212 102 21
35 24 1 212 110 1
35 24 8 212 110 12
35 24 10 212 110 21
35 27 1 212 120 1
35 27 8 212 120 12
35 27 10 212 120 21
35 30 8 212 200 12
35 30 10 212 200 21
35 31 1 212 201 1
35 31 8 212 201 12
35 31 10 212 201 21
35 33 1 212 210 1
35 33 8 212 210 12
35 33 10 212 210 21
36 0 4 220 0 01
36 0 6 220 0 10
36 0 17 220 0 012
36 0 19 220 0 021
36 0 23 220 0 102
36 0 27 220 0 120
36 0 29 220 0 122
36 0 31 220 0 201
36 0 33 220 0 210
36 0 35 220 0 212
36 0 37 220 0 221
36 4 16 220 01 011
36 4 17 220 01 012
36 4 19 220 01 021
36 4 22 220 01 101
36 4 23 220 01 102
36 4 24 220 01 110
36 4 27 220 01 120
36 4 31 220 01 201
36 4 33 220 01 210
36 5 1 220 02 1
36 5 7 220 02 11
36 5 8 220 02 12
36 5 10 220 02 21
36 5 17 220 02 012
36 5 19 220 02 021
36 5 23 220 02 102
36 5 26 220 02 112
36 5 27 220 02 120
36 5 28 220 02 121
36 5 29 220 02 122
36 5 31 220 02 201
36 5 33 220 02 210
36 5 34 220 02 211
36 5 35 220 02 212
36 5 37 220 02 221
36 6 16 220 10 011
36 6 17 220 10 012
36 6 19 220 10 021
36 6 22 220 10 101
36 6 23 220 10 102
36 6 24 220 10 110
36 6 27 220 10 120
36 6 31 220 10 201
36 6 33 220 10 210
36 9 1 220 20 1
36 9 7 220 20 11
36 9 8 220 20 12
36 9 10 220 20 21
36 9 17 220 20 012
36 9 19 220 20 021
36 9 23 220 20 102
36 9 26 220 20 112
36 9 27 220 20 120
36 9 28 220 20 121
36 9 29 220 20 122
36 9 31 220 20 201
36 9 33 220 20 210
36 9 34 220 20 211
36 9 35 220 20 212
36 9 37 220 20 221
36 13 4 220 001 01
36 13 6 220 001 10
36 15 4 220 010 01
36 15 6 220 010 10
36 16 1 220 011 1
36 17 1 220 012 1
36 17 7 220 012 11
36 17 8 220 012 12
36 17 10 220 012 21
36 19 1 220 021 1
36 19 7 220 021 11
36 19 8 220 021 12
36 19 10 220 021 21
36 21 4 220 100 01
36 21 6 220 100 10
36 22 1 220 101 1
36 23 1 220 102 1
36 23 7 220 102 11
36 23 8 220 102 12
36 23 10 220 102 21
36 24 1 220 110 1
36 27 1 220 120 1
36 27 7 220 120 11
36 27 8 220 120 12
36 27 10 220 120 21
36 31 1 220 201 1
36 31 7 220 201 11
36 31 8 220 201 12
36 31 10 220 201 21
36 33 1 220 210 1
36 33 7 220 210 11
36 33 8 220 210 12
36 33 10 220 210 21
37 0 8 221 0 12
37 0 10 221 0 21
37 2 5 221 2 02
37 2 9 221 2 20
37 2 20 221 2 022
37 2 32 221 2 202
37 2 36 221 2 220
37 3 8 221 00 12
37 3 10 221 00 21
37 4 8 221 01 12
37 4 10 221 01 21
37 4 16 221 01 011
37 4 22 221 01 101
37 4 24 221 01 110
37 5 8 221 02 12
37 5 10 221 02 21
37 6 8 221 10 12
37 6 10 221 10 21
37 6 16 221 10 011
37 6 22 221 10 101
37 6 24 221 10 110
37 8 5 221 12 02
37 8 9 221 12 20
37 8 20 221 12 022
37 8 32 221 12 202
37 8 36 221 12 220
37 9 8 221 20 12
37 9 10 221 20 21
37 10 5 221 21 02
37 10 9 221 21 20
37 10 20 221 21 022
37 10 32 221 21 202
37 10 36 221 21 220
37 11 5 221 22 02
37 11 9 221 22 20
37 11 20 221 22 022
37 11 32 221 22 202
37 11 36 221 22 220
37 13 8 221 001 12
37 13 10 221 001 21
37 14 8 221 002 12
37 14 10 221 002 21
37 15 8 221 010 12
37 15 10 221 010 21
37 16 1 221 011 1
37 16 8 221 011 12
37 16 10 221 011 21
37 17 1 221 012 1
37 17 8 221 012 12
37 17 10 221 012 21
37 18 8 221 020 12
37 18 10 221 020 21
37 19 1 221 021 1
37 19 8 221 021 12
37 19 10 221 021 21
37 21 8 221 100 12
37 21 10 221 100 21
37 22 1 221 101 1
37 22 8 221 101 12
37 22 10 221 101 21
37 23 1 221 102 1
37 23 8 221 102 12
37 23 10 221 102 21
37 24 1 221 110 1
37 24 8 221 110 12
37 24 10 221 110 21
37 27 1 221 120 1
37 27 8 221 120 12
37 27 10 221 120 21
37 30 8 221 200 12
37 30 10 221 200 21
37 31 1 221 201 1
37 31 8 221 201 12
37 31 10 221 201 21
37 33 1 221 210 1
37 33 8 221 210 12
37 33 10 221 210 21
