1 5 20
1 8 20
2 16 4
2 16 10
4 5 19
4 8 19
4 9 19
4 10 16
4 10 19
4 26 19
4 28 16
4 29 19
4 33 9
4 34 0
4 34 3
4 34 13
4 34 15
4 34 16
4 34 17
4 34 19
4 34 21
4 34 22
4 34 23
4 34 24
4 34 27
4 34 31
4 34 33
4 35 19
4 37 19
5 0 29
5 3 29
5 6 27
5 14 29
5 17 4
5 17 6
5 17 8
5 17 10
5 17 26
5 17 28
5 17 29
5 17 34
5 17 37
5 18 29
5 19 29
5 20 8
5 20 29
5 20 35
5 23 29
5 27 29
5 30 29
5 31 29
5 32 29
5 33 29
5 36 29
6 30 9
6 33 9
7 8 20
8 0 29
8 6 27
8 33 9
9 6 21
9 6 27
10 6 27
10 33 9
10 34 0
11 16 10
13 33 9
14 6 27
15 30 9
16 33 9
17 8 20
17 16 10
18 6 21
19 8 20
19 16 10
20 6 27
21 2 6
21 2 9
21 11 9
21 14 9
21 17 9
21 18 9
21 19 9
21 20 9
21 23 9
21 27 9
21 30 9
21 31 9
21 32 9
21 33 9
21 36 9
22 33 9
23 8 4
23 8 5
23 8 6
23 8 9
23 8 14
23 8 18
23 8 20
23 8 30
23 8 36
23 16 10
24 33 9
26 8 20
26 16 10
27 8 20
27 16 10
28 8 20
28 16 10
29 8 5
29 8 20
29 8 32
29 16 10
30 6 1
30 6 7
30 6 13
30 6 15
30 6 16
30 6 17
30 6 19
30 6 21
30 6 22
30 6 23
30 6 24
30 6 27
30 6 31
30 6 33
30 9 1
31 4 10
31 5 10
31 6 10
31 8 20
31 9 10
31 13 10
31 15 10
31 16 10
31 21 10
31 24 10
32 6 27
33 8 20
33 16 10
34 4 10
34 8 20
34 16 10
34 22 10
35 8 20
35 16 10
36 6 27
37 8 20
37 16 10
